0.0,0.0,0.0,0.0,0.0,0.0,0.0,0.0,0.0,0.0,0.0,0.0,0.0,0.0,0.0,0.0,0.0,0.0,0.0,0.0,0.0,0.0,0.0,0.0,0.0,0.0,0.0,0.0,0.0,0.0,0.0,0.0,0.0,0.0,0.0,0.0,0.0,0.0,0.0,0.0,0.0,0.0,0.0,0.0,0.0,0.0,0.0,0.0,0.0,0.0,0.0,0.0,0.0,0.0,0.0,0.0,0.0,0.0,0.0,0.0,0.0,0.0,0.0,0.0,0.0,0.0,0.0,0.0,0.0,0.0,0.0,0.0,0.0,0.0,0.0,0.0,0.0,0.0,0.0,0.0,0.0,0.0,0.0,0.0,0.0,0.0,0.0,0.0,0.0,0.0,0.0,0.0,0.0,0.0,0.0,0.0,0.0,0.0,0.0,0.0,
0.0,0.0,0.0,0.0,0.0,0.0,0.0,0.0,0.0,0.0,0.0,0.0,0.0,0.0,0.0,0.0,0.0,0.0,0.0,0.0,0.0,0.0,0.0,0.0,0.0,0.0,0.0,0.0,0.0,0.0,0.0,0.0,0.0,0.0,0.0,0.0,0.0,0.0,0.0,0.0,0.0,0.0,0.0,0.0,0.0,0.0,0.0,0.0,0.0,0.0,0.0,0.0,0.0,0.0,0.0,0.0,0.0,0.0,0.0,0.0,0.0,0.0,0.0,0.0,0.0,0.0,0.0,0.0,0.0,0.0,0.0,0.0,0.0,0.0,0.0,0.0,0.0,0.0,0.0,0.0,0.0,0.0,0.0,0.0,0.0,0.0,0.0,0.0,0.0,0.0,0.0,0.0,0.0,0.0,0.0,0.0,0.0,0.0,0.0,0.0,
0.0,0.0,0.0,0.0,0.0,0.0,0.0,0.0,0.0,0.0,0.0,0.0,0.0,0.0,0.0,0.0,0.0,0.0,0.0,0.0,0.0,0.0,0.0,0.0,0.0,0.0,0.0,0.0,0.0,0.0,0.0,0.0,0.0,0.0,0.0,0.0,0.0,0.0,0.0,0.0,0.0,0.0,0.0,0.0,0.0,0.0,0.0,0.0,0.0,0.0,0.0,0.0,0.0,0.0,0.0,0.0,0.0,0.0,0.0,0.0,0.0,0.0,0.0,0.0,0.0,0.0,0.0,0.0,0.0,0.0,0.0,0.0,0.0,0.0,0.0,0.0,0.0,0.0,0.0,0.0,0.0,0.0,0.0,0.0,0.0,0.0,0.0,0.0,0.0,0.0,0.0,0.0,0.0,0.0,0.0,0.0,0.0,0.0,0.0,0.0,
0.0,0.0,0.0,0.0,0.0,0.0,0.0,0.0,0.0,0.0,0.0,0.0,0.0,0.0,0.0,0.0,0.0,0.0,0.0,0.0,0.0,0.0,0.0,0.0,0.0,0.0,0.0,0.0,0.0,0.0,0.0,0.0,0.0,0.0,0.0,0.0,0.0,0.0,0.0,0.0,0.0,0.0,0.0,0.0,0.0,0.0,0.0,0.0,0.0,0.0,0.0,0.0,0.0,0.0,0.0,0.0,0.0,0.0,0.0,0.0,0.0,0.0,0.0,0.0,0.0,0.0,0.0,0.0,0.0,0.0,0.0,0.0,0.0,0.0,0.0,0.0,0.0,0.0,0.0,0.0,0.0,0.0,0.0,0.0,0.0,0.0,0.0,0.0,0.0,0.0,0.0,0.0,0.0,0.0,0.0,0.0,0.0,0.0,0.0,0.0,
0.0,0.0,0.0,0.0,0.0,0.0,0.0,0.0,0.0,0.0,0.0,0.0,0.0,0.0,0.0,0.0,0.0,0.0,0.0,0.0,0.0,0.0,0.0,0.0,0.0,0.0,0.0,0.0,0.0,0.0,0.0,0.0,0.0,0.0,0.0,0.0,0.0,0.0,0.0,0.0,0.0,0.0,0.0,0.0,0.0,0.0,0.0,0.0,0.0,0.0,0.0,0.0,0.0,0.0,0.0,0.0,0.0,0.0,0.0,0.0,0.0,0.0,0.0,0.0,0.0,0.0,0.0,0.0,0.0,0.0,0.0,0.0,0.0,0.0,0.0,0.0,0.0,0.0,0.0,0.0,0.0,0.0,0.0,0.0,0.0,0.0,0.0,0.0,0.0,0.0,0.0,0.0,0.0,0.0,0.0,0.0,0.0,0.0,0.0,0.0,
0.0,0.0,0.0,0.0,0.0,0.0,0.0,0.0,0.0,0.0,0.0,0.0,0.0,0.0,0.0,0.0,0.0,0.0,0.0,0.0,0.0,0.0,0.0,0.0,0.0,0.0,0.0,0.0,0.0,0.0,0.0,0.0,0.0,0.0,0.0,0.0,0.0,0.0,0.0,0.0,0.0,0.0,0.0,0.0,0.0,0.0,0.0,0.0,0.0,0.0,0.0,0.0,0.0,0.0,0.0,0.0,0.0,0.0,0.0,0.0,0.0,0.0,0.0,0.0,0.0,0.0,0.0,0.0,0.0,0.0,0.0,0.0,0.0,0.0,0.0,0.0,0.0,0.0,0.0,0.0,0.0,0.0,0.0,0.0,0.0,0.0,0.0,0.0,0.0,0.0,0.0,0.0,0.0,0.0,0.0,0.0,0.0,0.0,0.0,0.0,
0.0,0.0,0.0,0.0,0.0,0.0,0.0,0.0,0.0,0.0,0.0,0.0,0.0,0.0,0.0,0.0,0.0,0.0,0.0,0.0,0.0,0.0,0.0,0.0,0.0,0.0,0.0,0.0,0.0,0.0,0.0,0.0,0.0,0.0,0.0,0.0,0.0,0.0,0.0,0.0,0.0,0.0,0.0,0.0,0.0,0.0,0.0,0.0,0.0,0.0,0.0,0.0,0.0,0.0,0.0,0.0,0.0,0.0,0.0,0.0,0.0,0.0,0.0,0.0,0.0,0.0,0.0,0.0,0.0,0.0,0.0,0.0,0.0,0.0,0.0,0.0,0.0,0.0,0.0,0.0,0.0,0.0,0.0,0.0,0.0,0.0,0.0,0.0,0.0,0.0,0.0,0.0,0.0,0.0,0.0,0.0,0.0,0.0,0.0,0.0,
0.0,0.0,0.0,0.0,0.0,0.0,0.0,0.0,0.0,0.0,0.0,0.0,0.0,0.0,0.0,0.0,0.0,0.0,0.0,0.0,0.0,0.0,0.0,0.0,0.0,0.0,0.0,0.0,0.0,0.0,0.0,0.0,0.0,0.0,0.0,0.0,0.0,0.0,0.0,0.0,0.0,0.0,0.0,0.0,0.0,0.0,0.0,0.0,0.0,0.0,0.0,0.0,0.0,0.0,0.0,0.0,0.0,0.0,0.0,0.0,0.0,0.0,0.0,0.0,0.0,0.0,0.0,0.0,0.0,0.0,0.0,0.0,0.0,0.0,0.0,0.0,0.0,0.034803138613856505,0.07985614273313327,0.13399886636852612,0.19562337579288552,0.262696140363345,0.3327990962783185,0.4031907830416494,0.4708882445761903,0.5327696933076285,0.5856970075458396,0.6266559205833238,0.6529102243358321,0.6621644388145815,0.6527272322533988,0.6236655422165212,0.5749370926756632,0.5074872185387541,0.4232951337790076,0.3253556409880662,0.21758538004800426,0.10464843272954999,-0.008295636272218021,-0.11590814958447762,
0.0,0.0,0.0,0.0,0.0,0.0,0.0,0.0,0.0,0.0,0.0,0.0,0.0,0.0,0.0,0.0,0.0,0.0,0.0,0.0,0.0,0.0,0.0,0.0,0.0,0.0,0.0,0.0,0.0,0.0,0.0,0.0,0.0,0.0,0.0,0.0,0.0,0.0,0.0,0.0,0.0,0.0,0.0,0.0,0.0,0.0,0.0,0.0,0.0,0.0,0.0,0.0,0.0,0.0,0.0,0.0,0.0,0.0,0.0,0.0,0.0,0.0,0.0,0.0,0.0,0.0,0.0,0.0,0.0,0.0,0.0,0.0,0.0,0.0,0.0,0.0,0.0,0.03316132881974326,0.08173324958695838,0.14528151390301758,0.2227174995432231,0.3122273087046109,0.4112051008874029,0.5161937356563773,0.6228385738510336,0.7258651735493675,0.8190996525970027,0.8955627062004986,0.9476849061554529,0.9677095251917978,0.9483610881243312,0.8838437420739627,0.7711617879348514,0.6115943772112208,0.41191786571229294,0.18476410302965732,-0.052449952282827714,-0.2801143610787524,-0.47988145548261496,-0.6378009286653142,
0.0,0.0,0.0,0.0,0.0,0.0,0.0,0.0,0.0,0.0,0.0,0.0,0.0,0.0,0.0,0.0,0.0,0.0,0.0,0.0,0.0,0.0,0.0,0.0,0.0,0.0,0.0,0.0,0.0,0.0,0.0,0.0,0.0,0.0,0.0,0.0,0.0,0.0,0.0,0.0,0.0,0.0,0.0,0.0,0.0,0.0,0.0,0.0,0.0,0.0,0.0,0.0,0.0,0.0,0.0,0.0,0.0,0.0,0.0,0.0,0.0,0.0,0.0,0.0,0.0,0.0,0.0,0.0,0.0,0.0,0.0,0.0,0.0,0.0,0.0,0.0,0.0,0.03924292065851499,0.08312739613293224,0.12999973333179463,0.17803624974750293,0.22530803480011313,0.26985245085926635,0.30974886362312015,0.3431957791304349,0.3685863449270854,0.3845790626238341,0.39016057232815315,0.3846975165313332,0.3679747775862098,0.3402178088680873,0.30209733853658294,0.2547154028511846,0.19957244209435104,0.13851603770084098,0.07367274855215153,0.007365375950165079,-0.05798119546792282,-0.11994171784042215,-0.17619543195600673,
0.0,0.0,0.0,0.0,0.0,0.0,0.0,0.0,0.0,0.0,0.0,0.0,0.0,0.0,0.0,0.0,0.0,0.0,0.0,0.0,0.0,0.0,0.0,0.0,0.0,0.0,0.0,0.0,0.0,0.0,0.0,0.0,0.0,0.0,0.0,0.0,0.0,0.0,0.0,0.0,0.0,0.0,0.0,0.0,0.0,0.0,0.0,0.0,0.0,0.0,0.0,0.0,0.0,0.0,0.0,0.0,0.0,0.0,0.0,0.0,0.0,0.0,0.0,0.0,0.0,0.0,0.0,0.0,0.0,0.0,0.0,0.0,0.0,0.0,0.0,0.0,0.0,0.0,0.0,0.0,0.0,0.0,0.0,0.0,0.0,0.0,0.0,0.0,0.0,0.0,0.0,0.0,0.0,0.0,0.0,0.0,0.0,0.0,0.0,0.0,
0.0,0.0,0.0,0.0,0.0,0.0,0.0,0.0,0.0,0.0,0.0,0.0,0.0,0.0,0.0,0.0,0.0,0.0,0.0,0.0,0.0,0.0,0.0,0.0,0.0,0.0,0.0,0.0012473032913409843,0.0024469273333493913,0.0035566972348834436,0.004539373730915952,0.00536416493414138,0.006007669973511043,0.006454248850899402,0.0066958795517503625,0.006731610420451325,0.006566739351943067,0.006211852904119949,0.005681842942591886,0.004994992308380269,0.004172190414775401,0.003236309451217778,0.0022117450664203564,0.0011241034613702072,0.0,-0.0011330776448329472,-0.0022468966667745227,-0.0033126553939402392,-0.00430126713576634,-0.0051838048226353906,-0.005932148199643911,-0.006519856467495727,-0.0069207831881347645,-0.007117639909846048,-0.007099051288819672,-0.006860062650015958,-0.006402459368158919,-0.005734883212536707,-0.004872736818552548,-0.0038378739011829532,-0.0026580795171555205,-0.0013663514077169592,0.0,0.0014004091997974477,0.0027922415288393343,0.004132073340682774,0.005377028549303109,0.006486130952367969,0.007421630245570132,0.008150259436420754,0.00864438249370341,0.0088829935245745,0.00885253250956166,0.008547487559101022,0.007970759656285825,0.007133772754725293,0.0060563197107157685,0.006127234845597268,0.006198690767615228,0.006270686665129338,0.006343221638803187,0.006416294701153014,0.0064899047761253215,0.006564050698702195,0.006638731214536009,0.006713944979612585,0.006789690559944439,0.006865966431294279,0.006942770978927759,0.007020102497397651,0.007097959190358993,0.007176339170414936,0.007255240458994672,0.00733466098626312,0.007414598591061916,0.007495051020884047,0.007576015931879843,0.007657490888896001,0.0077394733655479775,0.007821960744324619,
0.0,0.0,0.0,0.0,0.0,0.0,0.0,0.0,0.0,0.0,0.0,0.0,0.0,0.0,0.0,0.0,0.0,0.0,0.0,0.0,0.0,0.0,0.0,0.0,0.0,0.0,0.0,0.0,0.0,0.0,0.0,0.0,0.0,0.0,0.0,0.0,0.0,0.0,0.0,0.0,0.0,0.0,0.0,0.0,0.0,0.0,0.0,0.0,0.0,0.0,0.0,0.0,0.04096878471177312,0.08544622333028985,0.13189930865271368,0.17871404909881505,0.224250387316308,0.26689844462125933,0.3051341372514069,0.33757221848458,0.3630148779916169,0.3804941740200447,0.38930678036167343,0.38903979148106455,0.37958663657545155,0.36115249589510645,0.3342489782544991,0.2996781943111749,0.2585067324820048,0.21203039999494,0.16173091780376758,0.10922604323015751,0.05621482801608442,0.004419893585356535,-0.0444712865158749,-0.08886406867681276,-0.12731129029002547,-0.1791511495384673,-0.23250739179409655,-0.28572439870473315,-0.3371594723988782,-0.38523312716588226,-0.42847678840219283,-0.4655765850654452,-0.49541205509384995,-0.5170887444593161,-0.529963865215225,-0.5336643810624537,-0.5280971051991381,-0.5134506188983875,-0.4901890446146787,-0.4590379287167887,-0.42096270060556185,-0.3771403717156213,-0.328925314859979,-0.2778101172323416,-0.22538262545242002,-0.17328039537215678,-0.12314382080055442,-0.07656924254303807,
0.0,0.0,0.0,0.0,0.0,0.0,0.0,0.0,0.0,0.0,0.0,0.0,0.0,0.0,0.0,0.0,0.0,0.0,0.0,0.0,0.0,0.0,0.0,0.0,0.0,0.0,0.0,0.0,0.0,0.0,0.0,0.0,0.0,0.0,0.0,0.0,0.0,0.0,0.0,0.0,0.0,0.0,0.0,0.0,0.0,0.0,0.0,0.0,0.0,0.0,0.0,0.0,0.0,0.0,0.0,0.0,0.0,0.0,0.0,0.0,0.0,0.0,0.0,0.0,0.0,0.0,0.0,0.0,0.0,0.0,0.0,0.0,0.0,0.0,0.0,0.0,0.0,0.0,0.0,0.0,0.0,0.0,0.0,0.0,0.0,0.0,0.0,0.0,0.0,0.0,0.0,0.0,0.0,0.0,0.0,0.0,0.0,0.0,0.0,0.0,
0.0,0.0,0.0,0.0,0.0,0.0,0.0,0.0,0.0,0.0,0.0,0.0,0.0,0.0,0.0,0.0,0.0,0.0,0.0,0.0,0.0,0.0,0.0,0.0,0.0,0.0,0.0,0.06537960475474926,0.12873609880726025,0.18813417622475068,0.24177425073920936,0.28804494398284886,0.32556797522845515,0.35323465991992953,0.37023359829887725,0.37606944398544706,0.37057288150133794,0.3539021138622763,0.32653627297873533,0.28926122568106594,0.2431482676780339,0.1895261897127188,0.12994718020106505,0.06614701515590907,6.938893903907228E-17,-0.06653080957793081,-0.13144745027486432,-0.19277408984060193,-0.24861610472474155,-0.29721968791954606,-0.33703010127688404,-0.36674634001139017,-0.36784815423312434,-0.36900404911793927,-0.370213448160301,-0.37147567471443677,-0.3727899477536054,-0.3741553771985886,-0.37557095882646185,-0.37703556877292277,-0.3785479576441003,-0.3801067442568623,-0.38171040903023684,-0.38335728705468686,-0.3850455608706724,-0.38677325299321985,-0.38853821822512635,-0.3903381358079764,-0.392170501467339,-0.3940326194163649,-0.3959215943904707,-0.3978343237948867,-0.3997674900564775,-0.401717553281368,-0.40368074433041934,-0.4056530584353746,-0.4075479689426171,-0.42755603403394143,-0.4406435570891495,-0.44631491578484944,-0.44434728163347503,-0.4348295348980543,-0.4181553767689059,-0.39489693085410316,-0.36585149750514623,-0.33200906178425227,-0.29451667502238743,-0.2546454010718266,-0.21372199466249486,-0.1730830450258985,-0.13403297031335665,-0.09780691133596103,-0.06553892014852356,-0.03823530984703866,-0.01675266502578543,-0.001779819335100713,0.006176920482539178,0.006805906156078484,2.7755575615628914E-17,-0.014135812552320909,
0.0,0.0,0.0,0.0,0.0,0.0,0.0,0.0,0.0,0.0,0.0,0.0,0.0,0.0,0.0,0.0,0.0,0.0,0.0,0.0,0.0,0.0,0.0,0.0,0.0,0.0,0.0,0.0,0.0,0.0,0.0,0.0,0.0,0.0,0.0,0.0,0.0,0.0,0.0,0.0,0.0,0.0,0.0,0.0,0.0,0.0,0.0,0.0,0.0,0.0,0.0,0.0,0.0,0.0,0.0,0.0,0.0,0.0,0.0,0.0,0.0,0.0,0.0,0.0,0.0,0.0,0.0,0.0,0.0,0.0,0.0,0.0,0.0,0.0,0.0,0.0,0.0,0.03703935071174874,0.08241219823190157,0.13467501855541247,0.19203651161343108,0.25240932362346147,0.31347725374100477,0.3727763990851759,0.4277879442000169,0.4760395607314184,0.515211686393666,0.543244340502575,0.5584396522526731,0.5595549759309411,0.5458813926503275,0.5173025952266619,0.4743296569524361,0.4181080171967828,0.3503941774555748,0.27350106503786875,0.19021273190846355,0.1036709248799941,0.01723797124742084,-0.06565777265884157,
0.0,0.0,0.0,0.0,0.0,0.0,0.0,0.0,0.0,0.0,0.0,0.0,0.0,0.0,0.0,0.0,0.0,0.0,0.0,0.0,0.0,0.0,0.0,0.0,0.0,0.0,0.0,0.0,0.0,0.0,0.0,0.0,0.0,0.0,0.0,0.0,0.0,0.0,0.0,0.0,0.0,0.0,0.0,0.0,0.0,0.0,0.0,0.0,0.0,0.0,0.0,0.0,-0.03707882575019961,-0.07739119375973921,-0.11989959677387672,-0.1634836506680724,-0.20696955493990743,-0.24916179062024785,-0.288876246817255,-0.32497390467522513,-0.3563941665752568,-0.3821869005919666,-0.4015422766546046,-0.41381750204571033,-0.4185596196840549,-0.4155236123243468,-0.4046851579799276,-0.3862475045485655,-0.36064207224356437,-0.32852254794179353,-0.2907524024560322,-0.24838593616169813,-0.2026431362314423,-0.15487880566224016,-0.10654659596398629,-0.05915873750794497,-0.014242409952809537,-0.0138653576803172,-0.012695043391543162,-0.010876157923664281,-0.008588873519459292,-0.006040187938779612,-0.00345382832362795,-0.0010591144006365516,9.207638900930182E-4,0.0022805602656529034,0.0028443630086158467,0.002476048096616057,0.001088300133500808,-0.0013502522429652553,-0.004810178858685954,-0.009198981639890913,-0.014361637675037398,-0.020084062346199444,-0.026099486552973783,-0.032097620659796114,-0.03773635619704124,-0.04265563929587861,-0.046493042119505716,-0.04890046479659475,
0.0,0.0,0.0,0.0,0.0,0.0,0.0,0.0,0.0,0.0,0.0,0.0,0.0,0.0,0.0,0.0,0.0,0.0,0.0,0.0,0.0,0.0,0.0,0.0,0.0,0.0,0.0,0.0,0.0,0.0,0.0,0.0,0.0,0.0,0.0,0.0,0.0,0.0,0.0,0.0,0.0,0.0,0.0,0.0,0.0,0.0,0.0,0.0,0.0,0.0,0.0,0.0,0.0,0.0,0.0,0.0,0.0,0.0,0.0,0.0,0.0,0.0,0.0,0.0,0.0,0.0,0.0,0.0,0.0,0.0,0.0,0.0,0.0,0.0,0.0,0.0,0.0,0.0,0.0,0.0,0.0,0.0,0.0,0.0,0.0,0.0,0.0,0.0,0.0,0.0,0.0,0.0,0.0,0.0,0.0,0.0,0.0,0.0,0.0,0.0,
0.0,0.0,0.0,0.0,0.0,0.0,0.0,0.0,0.0,0.0,0.0,0.0,0.0,0.0,0.0,0.0,0.0,0.0,0.0,0.0,0.0,0.0,0.0,0.0,0.0,0.0,0.0,0.0,0.0,0.0,0.0,0.0,0.0,0.0,0.0,0.0,0.0,0.0,0.0,0.0,0.0,0.0,0.0,0.0,0.0,0.0,0.0,0.0,0.0,0.0,0.0,0.0,0.0,0.0,0.0,0.0,0.0,0.0,0.0,0.0,0.0,0.0,0.0,0.0,0.0,0.0,0.0,0.0,0.0,0.0,0.0,0.0,0.0,0.0,0.0,0.0,0.0,0.0,0.0,0.0,0.0,0.0,0.0,0.0,0.0,0.0,0.0,0.0,0.0,0.0,0.0,0.0,0.0,0.0,0.0,0.0,0.0,0.0,0.0,0.0,
0.0,0.0,0.0,0.0,0.0,0.0,0.0,0.0,0.0,0.0,0.0,0.0,0.0,0.0,0.0,0.0,0.0,0.0,0.0,0.0,0.0,0.0,0.0,0.0,0.0,0.0,0.0,0.0,0.0,0.0,0.0,0.0,0.0,0.0,0.0,0.0,0.0,0.0,0.0,0.0,0.0,0.0,0.0,0.0,0.0,0.0,0.0,0.0,0.0,0.0,0.0,0.0,0.0,0.0,0.0,0.0,0.0,0.0,0.0,0.0,0.0,0.0,0.0,0.0,0.0,0.0,0.0,0.0,0.0,0.0,0.0,0.0,0.0,0.0,0.0,0.0,0.0,0.0,0.0,0.0,0.0,0.0,0.0,0.0,0.0,0.0,0.0,0.0,0.0,0.0,0.0,0.0,0.0,0.0,0.0,0.0,0.0,0.0,0.0,0.0,
0.0,0.0,0.0,0.0,0.0,0.0,0.0,0.0,0.0,0.0,0.0,0.0,0.0,0.0,0.0,0.0,0.0,0.0,0.0,0.0,0.0,0.0,0.0,0.0,0.0,0.0,0.0,0.0,0.0,0.0,0.0,0.0,0.0,0.0,0.0,0.0,0.0,0.0,0.0,0.0,0.0,0.0,0.0,0.0,0.0,0.0,0.0,0.0,0.0,0.0,0.0,0.0,0.0,0.0,0.0,0.0,0.0,0.0,0.0,0.0,0.0,0.0,0.0,0.0,0.0,0.0,0.0,0.0,0.0,0.0,0.0,0.0,0.0,0.0,0.0,0.0,0.0,-0.03042597400556024,-0.06756223932294925,-0.11234043336511157,-0.1659735863939989,-0.23012376735125045,-0.30718127302837395,-0.40073793762603366,-0.5162279517871426,-0.6608448831316867,-0.8432631626021476,-1.0665141348018536,-1.2924343988341433,-1.3604736926682213,-1.1094029756485184,-0.7201584523891912,-0.39629019090739886,-0.1645745223948616,-2.220446049250313E-16,0.11966613348389665,0.20839779959578264,0.27443978793356727,0.32260568295293035,0.3557050122931195,
0.0,0.0,0.0,0.0,0.0,0.0,0.0,0.0,0.0,0.0,0.0,0.0,0.0,0.0,0.0,0.0,0.0,0.0,0.0,0.0,0.0,0.0,0.0,0.0,0.0,0.0,0.0,0.0,0.0,0.0,0.0,0.0,0.0,0.0,0.0,0.0,0.0,0.0,0.0,0.0,0.0,0.0,0.0,0.0,0.0,0.0,0.0,0.0,0.0,0.0,0.0,0.0,0.0,0.0,0.0,0.0,0.0,0.0,0.0,0.0,0.0,0.0,0.0,0.0,0.0,0.0,0.0,0.0,0.0,0.0,0.0,0.0,0.0,0.0,0.0,0.0,0.0,0.03587884316541501,0.07920596723753845,0.12861320767617523,0.18243907539408316,0.23877522931122724,0.295524681297586,0.3504704413444828,0.4013528518435742,0.44595341510557474,0.482182501280551,0.5081679492806325,0.5223412569877185,0.5235178161597063,0.5109675007836169,0.4844718855763315,0.44436447591588557,0.39155059492509847,0.3275040212541161,0.2542381244686362,0.17425012190150058,0.09043819135793218,0.005992514775916891,-0.07573712451506645,
0.0,0.0,0.0,0.0,0.0,0.0,0.0,0.0,0.0,0.0,0.0,0.0,0.0,0.0,0.0,0.0,0.0,0.0,0.0,0.0,0.0,0.0,0.0,0.0,0.0,0.0,0.0,0.0,0.0,0.0,0.0,0.0,0.0,0.0,0.0,0.0,0.0,0.0,0.0,0.0,0.0,0.0,0.0,0.0,0.0,0.0,0.0,0.0,0.0,0.0,0.0,0.0,0.0,0.0,0.0,0.0,0.0,0.0,0.0,0.0,0.0,0.0,0.0,0.0,0.0,0.0,0.0,0.0,0.0,0.0,0.0,0.0,0.0,0.0,0.0,0.0,0.0,0.028628602486158672,0.07046640501813783,0.12503946352562603,0.19135596568860003,0.2678787447655849,0.3525092506674145,0.4425851499683721,0.5348943001750063,0.625708732386778,0.7108435730483136,0.785747607090955,0.8456344075416076,0.8856653873693192,0.9011980836636657,0.8881130075442932,0.843227883961619,0.7647951467387003,0.6530525662056774,0.5107551181330221,0.34356293647706254,0.16011363085451924,-0.02839760484953252,-0.2092296092152071,
0.0,0.0,0.0,0.0,0.0,0.0,0.0,0.0,0.0,0.0,0.0,0.0,0.0,0.0,0.0,0.0,0.0,0.0,0.0,0.0,0.0,0.0,0.0,0.0,0.0,0.0,0.0,0.0,0.0,0.0,0.0,0.0,0.0,0.0,0.0,0.0,0.0,0.0,0.0,0.0,0.0,0.0,0.0,0.0,0.0,0.0,0.0,0.0,0.0,0.0,0.0,0.0,0.0,0.0,0.0,0.0,0.0,0.0,0.0,0.0,0.0,0.0,0.0,0.0,0.0,0.0,0.0,0.0,0.0,0.0,0.0,0.0,0.0,0.0,0.0,0.0,0.0,0.0,0.0,0.0,0.0,0.0,0.0,0.0,0.0,0.0,0.0,0.0,0.0,0.0,0.0,0.0,0.0,0.0,0.0,0.0,0.0,0.0,0.0,0.0,
0.0,0.0,0.0,0.0,0.0,0.0,0.0,0.0,0.0,0.0,0.0,0.0,0.0,0.0,0.0,0.0,0.0,0.0,0.0,0.0,0.0,0.0,0.0,0.0,0.0,0.0,0.0,0.0,0.0,0.0,0.0,0.0,0.0,0.0,0.0,0.0,0.0,0.0,0.0,0.0,0.0,0.0,0.0,0.0,0.0,0.0,0.0,0.0,0.0,0.0,0.0,0.0,0.0,0.0,0.0,0.0,0.0,0.0,0.0,0.0,0.0,0.0,0.0,0.0,0.0,0.0,0.0,0.0,0.0,0.0,0.0,0.0,0.0,0.0,0.0,0.0,0.0,0.05836226392773117,0.12152559117972944,0.18697512891746748,0.2521013772075144,0.31430046188612515,0.37107405097899915,0.4201249260083003,0.4594444259026308,0.48738834470446757,0.5027383664104085,0.5047467367924483,0.4931625741206005,0.4682389765075072,0.4307208598615511,0.3818142240526593,0.3231382643938809,0.2566623924316894,0.1846307799338902,0.10947747345813513,0.0337354301415329,-0.04005700957694898,-0.10944867173319578,-0.17216369223153313,
0.0,0.0,0.0,0.0,0.0,0.0,0.0,0.0,0.0,0.0,0.0,0.0,0.0,0.0,0.0,0.0,0.0,0.0,0.0,0.0,0.0,0.0,0.0,0.0,0.0,0.0,0.0,0.0,0.0,0.0,0.0,0.0,0.0,0.0,0.0,0.0,0.0,0.0,0.0,0.0,0.0,0.0,0.0,0.0,0.0,0.0,0.0,0.0,0.0,0.0,0.0,0.0,-0.06941376561822128,-0.137252610941839,-0.20140774487070393,-0.2598695668612501,-0.31079143948531507,-0.35254870898514135,-0.3837910671019473,-0.40348655213132667,-0.41095574756261805,-0.40589504446096386,-0.38838817906009343,-0.35890562872761084,-0.31829183555270124,-0.267740614825887,-0.20875948310491085,-0.14312399520847383,-0.07282349991094428,-8.326672684688674E-17,0.07311797517434257,0.14428441463519404,0.2113056220395561,0.2721085697990129,0.32480565997124433,0.3677538515096208,0.39960628886750116,0.40012062896065315,0.4005835617098942,0.4009991017699503,0.4013710407949348,0.40170294395485195,0.4019981479021104,0.40225976001776254,0.40249065877738466,0.40269349508765534,0.4028706944564042,0.403024459870903,0.4031567752712214,0.403269409517346,0.40336392076034033,0.4034416611389474,0.4035037817336429,0.40355123772015244,0.4035847936738184,0.4036050289849103,0.40361234335301155,0.4036069623359837,0.4035889429357171,0.40355817920893966,
0.0,0.0,0.0,0.0,0.0,0.0,0.0,0.0,0.0,0.0,0.0,0.0,0.0,0.0,0.0,0.0,0.0,0.0,0.0,0.0,0.0,0.0,0.0,0.0,0.0,0.0,0.0,0.0,0.0,0.0,0.0,0.0,0.0,0.0,0.0,0.0,0.0,0.0,0.0,0.0,0.0,0.0,0.0,0.0,0.0,0.0,0.0,0.0,0.0,0.0,0.0,0.0,0.0,0.0,0.0,0.0,0.0,0.0,0.0,0.0,0.0,0.0,0.0,0.0,0.0,0.0,0.0,0.0,0.0,0.0,0.0,0.0,0.0,0.0,0.0,0.0,0.0,0.036690897400202704,0.08624434014571786,0.14767156021515063,0.21944579074583181,0.2995008658203073,0.3852453883030327,0.47359393520745474,0.5610169292381156,0.6436111301724077,0.7171932365495592,0.7774198675417661,0.8199382016202916,0.84057266165195,0.8355539231800713,0.8017964724733255,0.7372286328501807,0.6411722535754302,0.5147551081844094,0.36131431749402443,0.18671268187899803,-5.529843693418968E-4,-0.18960398191073288,-0.36793281300749625,
0.0,0.0,0.0,0.0,0.0,0.0,0.0,0.0,0.0,0.0,0.0,0.0,0.0,0.0,0.0,0.0,0.0,0.0,0.0,0.0,0.0,0.0,0.0,0.0,0.0,0.0,0.0,0.0,0.0,0.0,0.0,0.0,0.0,0.0,0.0,0.0,0.0,0.0,0.0,0.0,0.0,0.0,0.0,0.0,0.0,0.0,0.0,0.0,0.0,0.0,0.0,0.0,0.0,0.0,0.0,0.0,0.0,0.0,0.0,0.0,0.0,0.0,0.0,0.0,0.0,0.0,0.0,0.0,0.0,0.0,0.0,0.0,0.0,0.0,0.0,0.0,0.0,0.0,0.0,0.0,0.0,0.0,0.0,0.0,0.0,0.0,0.0,0.0,0.0,0.0,0.0,0.0,0.0,0.0,0.0,0.0,0.0,0.0,0.0,0.0,
0.0,0.0,0.0,0.0,0.0,0.0,0.0,0.0,0.0,0.0,0.0,0.0,0.0,0.0,0.0,0.0,0.0,0.0,0.0,0.0,0.0,0.0,0.0,0.0,0.0,0.0,0.0,0.0,0.0,0.0,0.0,0.0,0.0,0.0,0.0,0.0,0.0,0.0,0.0,0.0,0.0,0.0,0.0,0.0,0.0,0.0,0.0,0.0,0.0,0.0,0.0,0.0,0.0,0.0,0.0,0.0,0.0,0.0,0.0,0.0,0.0,0.0,0.0,0.0,0.0,0.0,0.0,0.0,0.0,0.0,0.0,0.0,0.0,0.0,0.0,0.0,0.0,0.0,0.0,0.0,0.0,0.0,0.0,0.0,0.0,0.0,0.0,0.0,0.0,0.0,0.0,0.0,0.0,0.0,0.0,0.0,0.0,0.0,0.0,0.0,
0.0,0.0,0.0,0.0,0.0,0.0,0.0,0.0,0.0,0.0,0.0,0.0,0.0,0.0,0.0,0.0,0.0,0.0,0.0,0.0,0.0,0.0,0.0,0.0,0.0,0.0,0.0,0.0,0.0,0.0,0.0,0.0,0.0,0.0,0.0,0.0,0.0,0.0,0.0,0.0,0.0,0.0,0.0,0.0,0.0,0.0,0.0,0.0,0.0,0.0,0.0,0.0,0.0,0.0,0.0,0.0,0.0,0.0,0.0,0.0,0.0,0.0,0.0,0.0,0.0,0.0,0.0,0.0,0.0,0.0,0.0,0.0,0.0,0.0,0.0,0.0,0.0,0.0,0.0,0.0,0.0,0.0,0.0,0.0,0.0,0.0,0.0,0.0,0.0,0.0,0.0,0.0,0.0,0.0,0.0,0.0,0.0,0.0,0.0,0.0,
0.0,0.0,0.0,0.0,0.0,0.0,0.0,0.0,0.0,0.0,0.0,0.0,0.0,0.0,0.0,0.0,0.0,0.0,0.0,0.0,0.0,0.0,0.0,0.0,0.0,0.0,0.0,0.0,0.0,0.0,0.0,0.0,0.0,0.0,0.0,0.0,0.0,0.0,0.0,0.0,0.0,0.0,0.0,0.0,0.0,0.0,0.0,0.0,0.0,0.0,0.0,0.0,0.0,0.0,0.0,0.0,0.0,0.0,0.0,0.0,0.0,0.0,0.0,0.0,0.0,0.0,0.0,0.0,0.0,0.0,0.0,0.0,0.0,0.0,0.0,0.0,0.0,0.0317085005951912,0.07176233566493934,0.11899160856543559,0.17188809148163242,0.22862209820267806,0.28701554663644974,0.3447366505105024,0.3993420993442709,0.4483728421753218,0.4894589880122099,0.5204299509565946,0.5394251103496731,0.5449994982529227,0.5362184514135291,0.5127348686967148,0.4748427994569389,0.42350164889990916,0.360326396027025,0.28754090894591205,0.20789367956552415,0.12453797473668954,0.0408813177028608,-0.03958790241112958,
0.0,0.0,0.0,0.0,0.0,0.0,0.0,0.0,0.0,0.0,0.0,0.0,0.0,0.0,0.0,0.0,0.0,0.0,0.0,0.0,0.0,0.0,0.0,0.0,0.0,0.0,0.0,0.0,0.0,0.0,0.0,0.0,0.0,0.0,0.0,0.0,0.0,0.0,0.0,0.0,0.0,0.0,0.0,0.0,0.0,0.0,0.0,0.0,0.0,0.0,0.0,0.0,0.0,0.0,0.0,0.0,0.0,0.0,0.0,0.0,0.0,0.0,0.0,0.0,0.0,0.0,0.0,0.0,0.0,0.0,0.0,0.0,0.0,0.0,0.0,0.0,0.0,0.0,0.0,0.0,0.0,0.0,0.0,0.0,0.0,0.0,0.0,0.0,0.0,0.0,0.0,0.0,0.0,0.0,0.0,0.0,0.0,0.0,0.0,0.0,
0.0,0.0,0.0,0.0,0.0,0.0,0.0,0.0,0.0,0.0,0.0,0.0,0.0,0.0,0.0,0.0,0.0,0.0,0.0,0.0,0.0,0.0,0.0,0.0,0.0,0.0,0.0,0.0,0.0,0.0,0.0,0.0,0.0,0.0,0.0,0.0,0.0,0.0,0.0,0.0,0.0,0.0,0.0,0.0,0.0,0.0,0.0,0.0,0.0,0.0,0.0,0.0,0.0,0.0,0.0,0.0,0.0,0.0,0.0,0.0,0.0,0.0,0.0,0.0,0.0,0.0,0.0,0.0,0.0,0.0,0.0,0.0,0.0,0.0,0.0,0.0,0.0,0.0,0.0,0.0,0.0,0.0,0.0,0.0,0.0,0.0,0.0,0.0,0.0,0.0,0.0,0.0,0.0,0.0,0.0,0.0,0.0,0.0,0.0,0.0,
0.0,0.0,0.0,0.0,0.0,0.0,0.0,0.0,0.0,0.0,0.0,0.0,0.0,0.0,0.0,0.0,0.0,0.0,0.0,0.0,0.0,0.0,0.0,0.0,0.0,0.0,0.0,0.0,0.0,0.0,0.0,0.0,0.0,0.0,0.0,0.0,0.0,0.0,0.0,0.0,0.0,0.0,0.0,0.0,0.0,0.0,0.0,0.0,0.0,0.0,0.0,0.0,-0.0410979646857504,-0.0857711923567219,-0.13290805801114447,-0.18126527520497274,-0.229495598111765,-0.27618400319889663,-0.3198920198013304,-0.3592090017179391,-0.39280817697921605,-0.4195044109052323,-0.4383099248967513,-0.44848388294035824,-0.4495719022091337,-0.4414322014654711,-0.4242462142244453,-0.398512913245991,-0.3650276043976516,-0.32484731808113493,-0.2792459547214422,-0.22966290057085192,-0.17764888809513163,-0.12481248678647786,-0.07276989437737347,-0.023099803418892617,0.02269581135480503,0.026961226147092787,0.03038070427150473,0.03266664934355653,0.0336198086270015,0.03314755195344826,0.03127113893716062,0.028120740462504096,0.023918465439172087,0.018951269550676553,0.013537140143152271,0.007989078728147025,0.002581886410061407,-0.0024735577841396017,-0.007044952640165969,-0.011080339699937991,-0.014597217426217446,-0.017661239611580004,-0.0203582935405546,-0.022764621947515398,-0.0249197297477525,-0.026806163839711347,-0.028339058303706997,-0.029366848370434337,
0.0,0.0,0.0,0.0,0.0,0.0,0.0,0.0,0.0,0.0,0.0,0.0,0.0,0.0,0.0,0.0,0.0,0.0,0.0,0.0,0.0,0.0,0.0,0.0,0.0,0.0,0.0,0.0,0.0,0.0,0.0,0.0,0.0,0.0,0.0,0.0,0.0,0.0,0.0,0.0,0.0,0.0,0.0,0.0,0.0,0.0,0.0,0.0,0.0,0.0,0.0,0.0,0.0,0.0,0.0,0.0,0.0,0.0,0.0,0.0,0.0,0.0,0.0,0.0,0.0,0.0,0.0,0.0,0.0,0.0,0.0,0.0,0.0,0.0,0.0,0.0,0.0,0.03897999894146939,0.0820575629890759,0.12771435875571574,0.1743369492691259,0.2202725518683697,0.26388627058548564,0.30361779041276815,0.33803554087219145,0.3658864275796258,0.38613938947777543,0.39802126009200384,0.4010436853264147,0.39502016785932137,0.38007265751280805,0.3566274753942492,0.32540073388358404,0.287373781313467,0.24375954648956172,0.19596097190376704,0.1455229947584956,0.09407975254959541,0.043298847712149396,-0.005175401327770515,
0.0,0.0,0.0,0.0,0.0,0.0,0.0,0.0,0.0,0.0,0.0,0.0,0.0,0.0,0.0,0.0,0.0,0.0,0.0,0.0,0.0,0.0,0.0,0.0,0.0,0.0,0.0,0.0,0.0,0.0,0.0,0.0,0.0,0.0,0.0,0.0,0.0,0.0,0.0,0.0,0.0,0.0,0.0,0.0,0.0,0.0,0.0,0.0,0.0,0.0,0.0,0.0,0.0,0.0,0.0,0.0,0.0,0.0,0.0,0.0,0.0,0.0,0.0,0.0,0.0,0.0,0.0,0.0,0.0,0.0,0.0,0.0,0.0,0.0,0.0,0.0,0.0,0.0,0.0,0.0,0.0,0.0,0.0,0.0,0.0,0.0,0.0,0.0,0.0,0.0,0.0,0.0,0.0,0.0,0.0,0.0,0.0,0.0,0.0,0.0,
0.0,0.0,0.0,0.0,0.0,0.0,0.0,0.0,0.0,0.0,0.0,0.0,0.0,0.0,0.0,0.0,0.0,0.0,0.0,0.0,0.0,0.0,0.0,0.0,0.0,0.0,0.0,0.0,0.0,0.0,0.0,0.0,0.0,0.0,0.0,0.0,0.0,0.0,0.0,0.0,0.0,0.0,0.0,0.0,0.0,0.0,0.0,0.0,0.0,0.0,0.0,0.0,0.043505763444430995,0.09391524845179373,0.14936722397900143,0.2077081103864062,0.26656569138447694,0.3234367198251599,0.37578564795030217,0.4211509297925021,0.4572546358256071,0.4821105383240998,0.49412542395364745,0.49218822138030005,0.47574164492638865,0.4448314890519169,0.40012948481402194,0.34292674789707744,0.2750962796344472,0.1990246672579019,0.11751497463197588,0.0336646980432116,-0.049275560142179306,-0.12805552672861256,-0.19958251272220387,-0.2610736109773552,-0.3101939826002713,-0.3901674359411087,-0.4677229675624671,-0.5398506498931607,-0.6037818023351047,-0.6570963610262341,-0.6978135632743915,-0.7244633089410859,-0.7361363724445926,-0.732512437108084,-0.7138656903791725,-0.6810484399302129,-0.6354538757453569,-0.5789597032247367,-0.513854900046057,-0.4427522993452544,-0.36849006916858906,-0.29402543957106775,-0.22232422160738013,-0.15624976515097472,-0.098455014327823,-0.05128124070677631,-0.01666686660792499,0.003930463648642468,
0.0,0.0,0.0,0.0,0.0,0.0,0.0,0.0,0.0,0.0,0.0,0.0,0.0,0.0,0.0,0.0,0.0,0.0,0.0,0.0,0.0,0.0,0.0,0.0,0.0,0.0,0.0,0.0,0.0,0.0,0.0,0.0,0.0,0.0,0.0,0.0,0.0,0.0,0.0,0.0,0.0,0.0,0.0,0.0,0.0,0.0,0.0,0.0,0.0,0.0,0.0,0.0,0.0,0.0,0.0,0.0,0.0,0.0,0.0,0.0,0.0,0.0,0.0,0.0,0.0,0.0,0.0,0.0,0.0,0.0,0.0,0.0,0.0,0.0,0.0,0.0,0.0,0.0,0.0,0.0,0.0,0.0,0.0,0.0,0.0,0.0,0.0,0.0,0.0,0.0,0.0,0.0,0.0,0.0,0.0,0.0,0.0,0.0,0.0,0.0,
0.0,0.0,0.0,0.0,0.0,0.0,0.0,0.0,0.0,0.0,0.0,0.0,0.0,0.0,0.0,0.0,0.0,0.0,0.0,0.0,0.0,0.0,0.0,0.0,0.0,0.0,0.0,0.0,0.0,0.0,0.0,0.0,0.0,0.0,0.0,0.0,0.0,0.0,0.0,0.0,0.0,0.0,0.0,0.0,0.0,0.0,0.0,0.0,0.0,0.0,0.0,0.0,0.0,0.0,0.0,0.0,0.0,0.0,0.0,0.0,0.0,0.0,0.0,0.0,0.0,0.0,0.0,0.0,0.0,0.0,0.0,0.0,0.0,0.0,0.0,0.0,0.0,0.06695744820219368,0.14106769742504366,0.21938751927790892,0.2986083106737884,0.37515993570745626,0.44533805715190805,0.5054533317568258,0.5519992741615973,0.5818336376014659,0.5923658436548564,0.5817404341120728,0.5490039557977919,0.49424051447197803,0.41865998684475175,0.3246231999594322,0.21559089765825834,0.09598843662562383,-0.029014111556663752,-0.15379704842239988,-0.27264150503139273,-0.38010618413792274,-0.47139521155990466,-0.5426806220559786,
0.0,0.0,0.0,0.0,0.0,0.0,0.0,0.0,0.0,0.0,0.0,0.0,0.0,0.0,0.0,0.0,0.0,0.0,0.0,0.0,0.0,0.0,0.0,0.0,0.0,0.0,0.0,0.0,0.0,0.0,0.0,0.0,0.0,0.0,0.0,0.0,0.0,0.0,0.0,0.0,0.0,0.0,0.0,0.0,0.0,0.0,0.0,0.0,0.0,0.0,0.0,0.0,0.0,0.0,0.0,0.0,0.0,0.0,0.0,0.0,0.0,0.0,0.0,0.0,0.0,0.0,0.0,0.0,0.0,0.0,0.0,0.0,0.0,0.0,0.0,0.0,0.0,0.04566087689480379,0.09719346178149708,0.15269615769052408,0.20997661332242207,0.26661153001215765,0.3200343954928037,0.3677024937230695,0.40717697845311096,0.43623454892622704,0.45297810149068796,0.4559411061939921,0.44418008643801565,0.41734944927103196,0.3757530894266908,0.32036773318975403,0.25283394714574015,0.17541213670019742,0.0909026888553501,0.0025316143630844806,-0.0861944991282699,-0.1716578731875433,-0.25031452127011167,-0.3188840989457422,
0.0,0.0,0.0,0.0,0.0,0.0,0.0,0.0,0.0,0.0,0.0,0.0,0.0,0.0,0.0,0.0,0.0,0.0,0.0,0.0,0.0,0.0,0.0,0.0,0.0,0.0,0.0,0.0,0.0,0.0,0.0,0.0,0.0,0.0,0.0,0.0,0.0,0.0,0.0,0.0,0.0,0.0,0.0,0.0,0.0,0.0,0.0,0.0,0.0,0.0,0.0,0.0,0.0,0.0,0.0,0.0,0.0,0.0,0.0,0.0,0.0,0.0,0.0,0.0,0.0,0.0,0.0,0.0,0.0,0.0,0.0,0.0,0.0,0.0,0.0,0.0,0.0,0.03740964889784212,0.07756904983256449,0.11891555775039095,0.15980822209663684,0.19858871610447038,0.23364444427016412,0.26347141921082406,0.28673442832742746,0.30232203744915875,0.30939410632834763,0.3074197188307646,0.2962037539485286,0.2759007329894385,0.2470150598409059,0.2103873075132572,0.16716677429888666,0.11877111327740505,0.06683440430776363,0.013145562252108958,-0.04042056621530689,-0.09197669552669281,-0.1396982022253681,-0.1818967175900412,
0.0,0.0,0.0,0.0,0.0,0.0,0.0,0.0,0.0,0.0,0.0,0.0,0.0,0.0,0.0,0.0,0.0,0.0,0.0,0.0,0.0,0.0,0.0,0.0,0.0,0.0,0.0,0.0,0.0,0.0,0.0,0.0,0.0,0.0,0.0,0.0,0.0,0.0,0.0,0.0,0.0,0.0,0.0,0.0,0.0,0.0,0.0,0.0,0.0,0.0,0.0,0.0,0.0,0.0,0.0,0.0,0.0,0.0,0.0,0.0,0.0,0.0,0.0,0.0,0.0,0.0,0.0,0.0,0.0,0.0,0.0,0.0,0.0,0.0,0.0,0.0,0.0,0.0,0.0,0.0,0.0,0.0,0.0,0.0,0.0,0.0,0.0,0.0,0.0,0.0,0.0,0.0,0.0,0.0,0.0,0.0,0.0,0.0,0.0,0.0,
0.0,0.0,0.0,0.0,0.0,0.0,0.0,0.0,0.0,0.0,0.0,0.0,0.0,0.0,0.0,0.0,0.0,0.0,0.0,0.0,0.0,0.0,0.0,0.0,0.0,0.0,0.0,0.0,0.0,0.0,0.0,0.0,0.0,0.0,0.0,0.0,0.0,0.0,0.0,0.0,0.0,0.0,0.0,0.0,0.0,0.0,0.0,0.0,0.0,0.0,0.0,0.0,0.04624279560118788,0.09807492151663594,0.15370563625754166,0.21118423355164112,0.26846694811542327,0.32348818312326955,0.3742335469693405,0.4188120788060953,0.4555250299130361,0.48292865349656616,0.49988863760598945,0.5056240892671302,0.49973933384028113,0.482242219796274,0.4535481004217454,0.41446918286355994,0.3661894721141877,0.31022607273639224,0.24837812383377916,0.18266511311186764,0.11525672537556782,0.0483967131778924,-0.015676480875650378,-0.07480947948387351,-0.1270111986008216,-0.19254577315004992,-0.26070799005422374,-0.3293595053767677,-0.3963605382314629,-0.4596367057280786,-0.5172425255614257,-0.5674198721390546,-0.608649858259104,-0.6396968320705797,-0.6596434226641344,-0.6679158310061641,-0.6642988395703086,-0.6489402972647738,-0.6223451193633542,-0.5853591184631615,-0.5391432455773257,-0.4851390642574308,-0.42502649956246435,-0.3606750928113435,-0.29409014817711837,-0.22735527493785324,-0.1625729071318749,-0.10180441896681361,
0.0,0.0,0.0,0.0,0.0,0.0,0.0,0.0,0.0,0.0,0.0,0.0,0.0,0.0,0.0,0.0,0.0,0.0,0.0,0.0,0.0,0.0,0.0,0.0,0.0,0.0,0.0,0.0,0.0,0.0,0.0,0.0,0.0,0.0,0.0,0.0,0.0,0.0,0.0,0.0,0.0,0.0,0.0,0.0,0.0,0.0,0.0,0.0,0.0,0.0,0.0,0.0,-0.02918471479923536,-0.06090071099208808,-0.09429579331318569,-0.12845620194592727,-0.16243161805052683,-0.19526171813218574,-0.2260035622559198,-0.25375906022830047,-0.27770173892887684,-0.29710203407436475,-0.3113503513825086,-0.31997718534466296,-0.3226696480076832,-0.3192838441162702,-0.30985263092231874,-0.2945884186430683,-0.27388079817666156,-0.24828892307179448,-0.21852871935868962,-0.1854551458785455,-0.1500398752231906,-0.11334490726866306,-0.07649275953897047,-0.04063399738696577,-0.006912968582959422,-0.006594441876677834,-0.005882498897537322,-0.004861983338901803,-0.003633748893443256,-0.002309597735915686,-0.0010066590647573453,1.5855633850869744E-4,0.001076171975024326,0.0016487706568444893,0.0017967701193360719,0.0014631038199427182,6.169849055606969E-4,-7.434357869455233E-4,-0.0025896655277340697,-0.004862818821329412,-0.0074749658392751495,-0.010311869292260384,-0.01323704090416894,-0.01609699179687292,-0.018727497621952575,-0.02096065137486801,-0.02263243653255187,-0.023590522262792173,
0.0,0.0,0.0,0.0,0.0,0.0,0.0,0.0,0.0,0.0,0.0,0.0,0.0,0.0,0.0,0.0,0.0,0.0,0.0,0.0,0.0,0.0,0.0,0.0,0.0,0.0,0.0,0.0,0.0,0.0,0.0,0.0,0.0,0.0,0.0,0.0,0.0,0.0,0.0,0.0,0.0,0.0,0.0,0.0,0.0,0.0,0.0,0.0,0.0,0.0,0.0,0.0,0.0,0.0,0.0,0.0,0.0,0.0,0.0,0.0,0.0,0.0,0.0,0.0,0.0,0.0,0.0,0.0,0.0,0.0,0.0,0.0,0.0,0.0,0.0,0.0,0.0,0.0,0.0,0.0,0.0,0.0,0.0,0.0,0.0,0.0,0.0,0.0,0.0,0.0,0.0,0.0,0.0,0.0,0.0,0.0,0.0,0.0,0.0,0.0,
0.0,0.0,0.0,0.0,0.0,0.0,0.0,0.0,0.0,0.0,0.0,0.0,0.0,0.0,0.0,0.0,0.0,0.0,0.0,0.0,0.0,0.0,0.0,0.0,0.0,0.0,0.0,0.0,0.0,0.0,0.0,0.0,0.0,0.0,0.0,0.0,0.0,0.0,0.0,0.0,0.0,0.0,0.0,0.0,0.0,0.0,0.0,0.0,0.0,0.0,0.0,0.0,0.0,0.0,0.0,0.0,0.0,0.0,0.0,0.0,0.0,0.0,0.0,0.0,0.0,0.0,0.0,0.0,0.0,0.0,0.0,0.0,0.0,0.0,0.0,0.0,0.0,0.0,0.0,0.0,0.0,0.0,0.0,0.0,0.0,0.0,0.0,0.0,0.0,0.0,0.0,0.0,0.0,0.0,0.0,0.0,0.0,0.0,0.0,0.0,
0.0,0.0,0.0,0.0,0.0,0.0,0.0,0.0,0.0,0.0,0.0,0.0,0.0,0.0,0.0,0.0,0.0,0.0,0.0,0.0,0.0,0.0,0.0,0.0,0.0,0.0,0.0,0.0,0.0,0.0,0.0,0.0,0.0,0.0,0.0,0.0,0.0,0.0,0.0,0.0,0.0,0.0,0.0,0.0,0.0,0.0,0.0,0.0,0.0,0.0,0.0,0.0,0.0,0.0,0.0,0.0,0.0,0.0,0.0,0.0,0.0,0.0,0.0,0.0,0.0,0.0,0.0,0.0,0.0,0.0,0.0,0.0,0.0,0.0,0.0,0.0,0.0,0.03383209540505824,0.07309848112711734,0.11656450224438966,0.1627843767994971,0.2101335067285116,0.256837862844823,0.3011022680405991,0.34114808711486067,0.3752794007373,0.40194946212898697,0.41982503072871313,0.42784608821222775,0.4252784319445011,0.411756717001699,0.38731568645893844,0.352407594937752,0.30790419434884325,0.2550821124511311,0.19559101001849302,0.1314045428085798,0.06475486721333717,-0.0019478049484388804,-0.06620830109033478,
0.0,0.0,0.0,0.0,0.0,0.0,0.0,0.0,0.0,0.0,0.0,0.0,0.0,0.0,0.0,0.0,0.0,0.0,0.0,0.0,0.0,0.0,0.0,0.0,0.0,0.0,0.0,0.0,0.0,0.0,0.0,0.0,0.0,0.0,0.0,0.0,0.0,0.0,0.0,0.0,0.0,0.0,0.0,0.0,0.0,0.0,0.0,0.0,0.0,0.0,0.0,0.0,0.0,0.0,0.0,0.0,0.0,0.0,0.0,0.0,0.0,0.0,0.0,0.0,0.0,0.0,0.0,0.0,0.0,0.0,0.0,0.0,0.0,0.0,0.0,0.0,0.0,0.0,0.0,0.0,0.0,0.0,0.0,0.0,0.0,0.0,0.0,0.0,0.0,0.0,0.0,0.0,0.0,0.0,0.0,0.0,0.0,0.0,0.0,0.0,
0.0,0.0,0.0,0.0,0.0,0.0,0.0,0.0,0.0,0.0,0.0,0.0,0.0,0.0,0.0,0.0,0.0,0.0,0.0,0.0,0.0,0.0,0.0,0.0,0.0,0.0,0.0,0.0,0.0,0.0,0.0,0.0,0.0,0.0,0.0,0.0,0.0,0.0,0.0,0.0,0.0,0.0,0.0,0.0,0.0,0.0,0.0,0.0,0.0,0.0,0.0,0.0,0.0,0.0,0.0,0.0,0.0,0.0,0.0,0.0,0.0,0.0,0.0,0.0,0.0,0.0,0.0,0.0,0.0,0.0,0.0,0.0,0.0,0.0,0.0,0.0,0.0,0.0,0.0,0.0,0.0,0.0,0.0,0.0,0.0,0.0,0.0,0.0,0.0,0.0,0.0,0.0,0.0,0.0,0.0,0.0,0.0,0.0,0.0,0.0,
0.0,0.0,0.0,0.0,0.0,0.0,0.0,0.0,0.0,0.0,0.0,0.0,0.0,0.0,0.0,0.0,0.0,0.0,0.0,0.0,0.0,0.0,0.0,0.0,0.0,0.0,0.0,0.0,0.0,0.0,0.0,0.0,0.0,0.0,0.0,0.0,0.0,0.0,0.0,0.0,0.0,0.0,0.0,0.0,0.0,0.0,0.0,0.0,0.0,0.0,0.0,0.0,0.0,0.0,0.0,0.0,0.0,0.0,0.0,0.0,0.0,0.0,0.0,0.0,0.0,0.0,0.0,0.0,0.0,0.0,0.0,0.0,0.0,0.0,0.0,0.0,0.0,0.0,0.0,0.0,0.0,0.0,0.0,0.0,0.0,0.0,0.0,0.0,0.0,0.0,0.0,0.0,0.0,0.0,0.0,0.0,0.0,0.0,0.0,0.0,
0.0,0.0,0.0,0.0,0.0,0.0,0.0,0.0,0.0,0.0,0.0,0.0,0.0,0.0,0.0,0.0,0.0,0.0,0.0,0.0,0.0,0.0,0.0,0.0,0.0,0.0,0.0,0.0,0.0,0.0,0.0,0.0,0.0,0.0,0.0,0.0,0.0,0.0,0.0,0.0,0.0,0.0,0.0,0.0,0.0,0.0,0.0,0.0,0.0,0.0,0.0,0.0,0.0,0.0,0.0,0.0,0.0,0.0,0.0,0.0,0.0,0.0,0.0,0.0,0.0,0.0,0.0,0.0,0.0,0.0,0.0,0.0,0.0,0.0,0.0,0.0,0.0,0.0,0.0,0.0,0.0,0.0,0.0,0.0,0.0,0.0,0.0,0.0,0.0,0.0,0.0,0.0,0.0,0.0,0.0,0.0,0.0,0.0,0.0,0.0,
0.0,0.0,0.0,0.0,0.0,0.0,0.0,0.0,0.0,0.0,0.0,0.0,0.0,0.0,0.0,0.0,0.0,0.0,0.0,0.0,0.0,0.0,0.0,0.0,0.0,0.0,0.0,0.0,0.0,0.0,0.0,0.0,0.0,0.0,0.0,0.0,0.0,0.0,0.0,0.0,0.0,0.0,0.0,0.0,0.0,0.0,0.0,0.0,0.0,0.0,0.0,0.0,0.0,0.0,0.0,0.0,0.0,0.0,0.0,0.0,0.0,0.0,0.0,0.0,0.0,0.0,0.0,0.0,0.0,0.0,0.0,0.0,0.0,0.0,0.0,0.0,0.0,0.0,0.0,0.0,0.0,0.0,0.0,0.0,0.0,0.0,0.0,0.0,0.0,0.0,0.0,0.0,0.0,0.0,0.0,0.0,0.0,0.0,0.0,0.0,
0.0,0.0,0.0,0.0,0.0,0.0,0.0,0.0,0.0,0.0,0.0,0.0,0.0,0.0,0.0,0.0,0.0,0.0,0.0,0.0,0.0,0.0,0.0,0.0,0.0,0.0,0.0,0.0,0.0,0.0,0.0,0.0,0.0,0.0,0.0,0.0,0.0,0.0,0.0,0.0,0.0,0.0,0.0,0.0,0.0,0.0,0.0,0.0,0.0,0.0,0.0,0.0,0.0,0.0,0.0,0.0,0.0,0.0,0.0,0.0,0.0,0.0,0.0,0.0,0.0,0.0,0.0,0.0,0.0,0.0,0.0,0.0,0.0,0.0,0.0,0.0,0.0,0.0,0.0,0.0,0.0,0.0,0.0,0.0,0.0,0.0,0.0,0.0,0.0,0.0,0.0,0.0,0.0,0.0,0.0,0.0,0.0,0.0,0.0,0.0,
0.0,0.0,0.0,0.0,0.0,0.0,0.0,0.0,0.0,0.0,0.0,0.0,0.0,0.0,0.0,0.0,0.0,0.0,0.0,0.0,0.0,0.0,0.0,0.0,0.0,0.0,0.0,0.0,0.0,0.0,0.0,0.0,0.0,0.0,0.0,0.0,0.0,0.0,0.0,0.0,0.0,0.0,0.0,0.0,0.0,0.0,0.0,0.0,0.0,0.0,0.0,0.0,0.03603405226612702,0.07895832315711832,0.12734894229768257,0.17951851590408394,0.23357038643738395,0.2874636182942864,0.33908668742040227,0.3863373664894491,0.4272058795642854,0.45985807557427805,0.48271516171340423,0.4945264664159114,0.494431783115728,0.48201009107045817,0.4573118615699356,0.42087273198023195,0.37370705219909384,0.3172806544299578,0.25346313435496404,0.18446091766884223,0.11273337119083793,0.0408951482129985,-0.028391222608897898,-0.09252784079900077,-0.1490939245625431,-0.2213418630947798,-0.2960835167669434,-0.3707113662468824,-0.44261474383454125,-0.5092769708779291,-0.5683678711473568,-0.6178285770544585,-0.6559459120625608,-0.6814140621765923,-0.6933817252494598,-0.6914834327309405,-0.6758542589217273,-0.647127653260581,-0.6064166382764227,-0.555279097440944,-0.49566832247453163,-0.42987038934180205,-0.36043027838924885,-0.29006894057158855,-0.2215937338636067,-0.15780480881536,-0.10140010854351855,-0.05488166675131584,
0.0,0.0,0.0,0.0,0.0,0.0,0.0,0.0,0.0,0.0,0.0,0.0,0.0,0.0,0.0,0.0,0.0,0.0,0.0,0.0,0.0,0.0,0.0,0.0,0.0,0.0,0.0,0.0,0.0,0.0,0.0,0.0,0.0,0.0,0.0,0.0,0.0,0.0,0.0,0.0,0.0,0.0,0.0,0.0,0.0,0.0,0.0,0.0,0.0,0.0,0.0,0.0,0.0,0.0,0.0,0.0,0.0,0.0,0.0,0.0,0.0,0.0,0.0,0.0,0.0,0.0,0.0,0.0,0.0,0.0,0.0,0.0,0.0,0.0,0.0,0.0,0.0,0.0,0.0,0.0,0.0,0.0,0.0,0.0,0.0,0.0,0.0,0.0,0.0,0.0,0.0,0.0,0.0,0.0,0.0,0.0,0.0,0.0,0.0,0.0,
0.0,0.0,0.0,0.0,0.0,0.0,0.0,0.0,0.0,0.0,0.0,0.0,0.0,0.0,0.0,0.0,0.0,0.0,0.0,0.0,0.0,0.0,0.0,0.0,0.0,0.0,0.0,0.0,0.0,0.0,0.0,0.0,0.0,0.0,0.0,0.0,0.0,0.0,0.0,0.0,0.0,0.0,0.0,0.0,0.0,0.0,0.0,0.0,0.0,0.0,0.0,0.0,0.0,0.0,0.0,0.0,0.0,0.0,0.0,0.0,0.0,0.0,0.0,0.0,0.0,0.0,0.0,0.0,0.0,0.0,0.0,0.0,0.0,0.0,0.0,0.0,0.0,0.0,0.0,0.0,0.0,0.0,0.0,0.0,0.0,0.0,0.0,0.0,0.0,0.0,0.0,0.0,0.0,0.0,0.0,0.0,0.0,0.0,0.0,0.0,
0.0,0.0,0.0,0.0,0.0,0.0,0.0,0.0,0.0,0.0,0.0,0.0,0.0,0.0,0.0,0.0,0.0,0.0,0.0,0.0,0.0,0.0,0.0,0.0,0.0,0.0,0.0,0.0,0.0,0.0,0.0,0.0,0.0,0.0,0.0,0.0,0.0,0.0,0.0,0.0,0.0,0.0,0.0,0.0,0.0,0.0,0.0,0.0,0.0,0.0,0.0,0.0,0.0,0.0,0.0,0.0,0.0,0.0,0.0,0.0,0.0,0.0,0.0,0.0,0.0,0.0,0.0,0.0,0.0,0.0,0.0,0.0,0.0,0.0,0.0,0.0,0.0,0.0,0.0,0.0,0.0,0.0,0.0,0.0,0.0,0.0,0.0,0.0,0.0,0.0,0.0,0.0,0.0,0.0,0.0,0.0,0.0,0.0,0.0,0.0,
0.0,0.0,0.0,0.0,0.0,0.0,0.0,0.0,0.0,0.0,0.0,0.0,0.0,0.0,0.0,0.0,0.0,0.0,0.0,0.0,0.0,0.0,0.0,0.0,0.0,0.0,0.0,0.0,0.0,0.0,0.0,0.0,0.0,0.0,0.0,0.0,0.0,0.0,0.0,0.0,0.0,0.0,0.0,0.0,0.0,0.0,0.0,0.0,0.0,0.0,0.0,0.0,0.0,0.0,0.0,0.0,0.0,0.0,0.0,0.0,0.0,0.0,0.0,0.0,0.0,0.0,0.0,0.0,0.0,0.0,0.0,0.0,0.0,0.0,0.0,0.0,0.0,0.0,0.0,0.0,0.0,0.0,0.0,0.0,0.0,0.0,0.0,0.0,0.0,0.0,0.0,0.0,0.0,0.0,0.0,0.0,0.0,0.0,0.0,0.0,
0.0,0.0,0.0,0.0,0.0,0.0,0.0,0.0,0.0,0.0,0.0,0.0,0.0,0.0,0.0,0.0,0.0,0.0,0.0,0.0,0.0,0.0,0.0,0.0,0.0,0.0,0.0,0.0,0.0,0.0,0.0,0.0,0.0,0.0,0.0,0.0,0.0,0.0,0.0,0.0,0.0,0.0,0.0,0.0,0.0,0.0,0.0,0.0,0.0,0.0,0.0,0.0,0.0,0.0,0.0,0.0,0.0,0.0,0.0,0.0,0.0,0.0,0.0,0.0,0.0,0.0,0.0,0.0,0.0,0.0,0.0,0.0,0.0,0.0,0.0,0.0,0.0,-0.036848597623889076,-0.07711871946043992,-0.11962851896052806,-0.16307925314131036,-0.20608991055874384,-0.24723990487902833,-0.2851188240649064,-0.31838129023348094,-0.34580407763001486,-0.3663419072700101,-0.37917793913074516,-0.38376503480435165,-0.37985441541901754,-0.3675093509831453,-0.347102856192408,-0.31929983421960123,-0.28502547877215817,-0.24542281465964028,-0.20180289318074718,-0.15559131420036965,-0.10827446251751363,-0.06134822887075017,-0.016271176783765356,
0.0,0.0,0.0,0.0,0.0,0.0,0.0,0.0,0.0,0.0,0.0,0.0,0.0,0.0,0.0,0.0,0.0,0.0,0.0,0.0,0.0,0.0,0.0,0.0,0.0,0.0,0.0,0.0,0.0,0.0,0.0,0.0,0.0,0.0,0.0,0.0,0.0,0.0,0.0,0.0,0.0,0.0,0.0,0.0,0.0,0.0,0.0,0.0,0.0,0.0,0.0,0.0,0.0,0.0,0.0,0.0,0.0,0.0,0.0,0.0,0.0,0.0,0.0,0.0,0.0,0.0,0.0,0.0,0.0,0.0,0.0,0.0,0.0,0.0,0.0,0.0,0.0,0.0,0.0,0.0,0.0,0.0,0.0,0.0,0.0,0.0,0.0,0.0,0.0,0.0,0.0,0.0,0.0,0.0,0.0,0.0,0.0,0.0,0.0,0.0,
0.0,0.0,0.0,0.0,0.0,0.0,0.0,0.0,0.0,0.0,0.0,0.0,0.0,0.0,0.0,0.0,0.0,0.0,0.0,0.0,0.0,0.0,0.0,0.0,0.0,0.0,0.0,0.0,0.0,0.0,0.0,0.0,0.0,0.0,0.0,0.0,0.0,0.0,0.0,0.0,0.0,0.0,0.0,0.0,0.0,0.0,0.0,0.0,0.0,0.0,0.0,0.0,0.0,0.0,0.0,0.0,0.0,0.0,0.0,0.0,0.0,0.0,0.0,0.0,0.0,0.0,0.0,0.0,0.0,0.0,0.0,0.0,0.0,0.0,0.0,0.0,0.0,0.04052925343308117,0.09224505341807396,0.15368378153733558,0.22288198060180392,0.2974152711826491,0.3744598021456575,0.45087651306297327,0.5233176040818877,0.5883535559410344,0.6426178147135642,0.6829648609361496,0.7066358510420931,0.711424412679522,0.6958336007190666,0.6592136380286073,0.6018690943455086,0.5251238713815144,0.43133306664359616,0.3238327705602546,0.2068223131976653,0.0851784451615328,-0.03579282391723099,-0.15065405493535092,
0.0,0.0,0.0,0.0,0.0,0.0,0.0,0.0,0.0,0.0,0.0,0.0,0.0,0.0,0.0,0.0,0.0,0.0,0.0,0.0,0.0,0.0,0.0,0.0,0.0,0.0,0.0,0.0,0.0,0.0,0.0,0.0,0.0,0.0,0.0,0.0,0.0,0.0,0.0,0.0,0.0,0.0,0.0,0.0,0.0,0.0,0.0,0.0,0.0,0.0,0.0,0.0,0.0,0.0,0.0,0.0,0.0,0.0,0.0,0.0,0.0,0.0,0.0,0.0,0.0,0.0,0.0,0.0,0.0,0.0,0.0,0.0,0.0,0.0,0.0,0.0,0.0,0.03790517478099681,0.08603145427721298,0.14306450019735287,0.2072579069178389,0.27646463009485744,0.3481852041617921,0.419632915218628,0.4878156730935276,0.5496338528918525,0.6019928381441675,0.6419283735058576,0.6667420958244897,0.6741437223758846,0.6623952951988171,0.630451577333068,0.5780891586268047,0.5060150916662702,0.41594406404135564,0.3106314769377806,0.19384877969787073,0.07028765435723347,-0.05461801483522383,-0.17495813273453376,
0.0,0.0,0.0,0.0,0.0,0.0,0.0,0.0,0.0,0.0,0.0,0.0,0.0,0.0,0.0,0.0,0.0,0.0,0.0,0.0,0.0,0.0,0.0,0.0,0.0,0.0,0.0,0.0,0.0,0.0,0.0,0.0,0.0,0.0,0.0,0.0,0.0,0.0,0.0,0.0,0.0,0.0,0.0,0.0,0.0,0.0,0.0,0.0,0.0,0.0,0.0,0.0,0.03044079468696001,0.06321184177265655,0.09723824161018586,0.1313860462149304,0.16449802626210583,0.1954310540054057,0.22309393919352263,0.24648450018272994,0.2647246340002525,0.2770921694027199,0.2830483472484866,0.28225987286709164,0.2746146244444875,0.26023027735510806,0.23945531317297347,0.2128621188145057,0.18123213970568702,0.14553332368526317,0.10689037120501663,0.06654858308648813,0.025832359848827875,-0.013900353700855739,-0.05124344710843968,-0.08487317688925333,-0.11364391263549123,-0.08389659140216067,-0.05615889560772089,-0.03123155708663708,-0.009852136680363,0.0073249702685757034,0.019746681216398415,0.026977022272318824,0.028710121481030082,0.024780014307180187,0.015166953243710257,2.7755575615628914E-17,-0.020444227494912065,-0.045746682380064574,-0.07535481854024469,-0.10859515004820293,-0.14468916996660874,-0.18277226589369036,-0.2219151855072221,-0.2611475316504793,-0.29948270530532595,-0.3359436679054649,-0.36958886329875934,-0.3995376253182799,
0.0,0.0,0.0,0.0,0.0,0.0,0.0,0.0,0.0,0.0,0.0,0.0,0.0,0.0,0.0,0.0,0.0,0.0,0.0,0.0,0.0,0.0,0.0,0.0,0.0,0.0,0.0,0.0,0.0,0.0,0.0,0.0,0.0,0.0,0.0,0.0,0.0,0.0,0.0,0.0,0.0,0.0,0.0,0.0,0.0,0.0,0.0,0.0,0.0,0.0,0.0,0.0,0.0,0.0,0.0,0.0,0.0,0.0,0.0,0.0,0.0,0.0,0.0,0.0,0.0,0.0,0.0,0.0,0.0,0.0,0.0,0.0,0.0,0.0,0.0,0.0,0.0,0.0,0.0,0.0,0.0,0.0,0.0,0.0,0.0,0.0,0.0,0.0,0.0,0.0,0.0,0.0,0.0,0.0,0.0,0.0,0.0,0.0,0.0,0.0,
0.0,0.0,0.0,0.0,0.0,0.0,0.0,0.0,0.0,0.0,0.0,0.0,0.0,0.0,0.0,0.0,0.0,0.0,0.0,0.0,0.0,0.0,0.0,0.0,0.0,0.0,0.0,0.0,0.0,0.0,0.0,0.0,0.0,0.0,0.0,0.0,0.0,0.0,0.0,0.0,0.0,0.0,0.0,0.0,0.0,0.0,0.0,0.0,0.0,0.0,0.0,0.0,0.0,0.0,0.0,0.0,0.0,0.0,0.0,0.0,0.0,0.0,0.0,0.0,0.0,0.0,0.0,0.0,0.0,0.0,0.0,0.0,0.0,0.0,0.0,0.0,0.0,0.0,0.0,0.0,0.0,0.0,0.0,0.0,0.0,0.0,0.0,0.0,0.0,0.0,0.0,0.0,0.0,0.0,0.0,0.0,0.0,0.0,0.0,0.0,
0.0,0.0,0.0,0.0,0.0,0.0,0.0,0.0,0.0,0.0,0.0,0.0,0.0,0.0,0.0,0.0,0.0,0.0,0.0,0.0,0.0,0.0,0.0,0.0,0.0,0.0,0.0,0.0,0.0,0.0,0.0,0.0,0.0,0.0,0.0,0.0,0.0,0.0,0.0,0.0,0.0,0.0,0.0,0.0,0.0,0.0,0.0,0.0,0.0,0.0,0.0,0.0,-0.03969546360885079,-0.08392283904763037,-0.13161338170403653,-0.1815814041810226,-0.23255368718743527,-0.2832020024423203,-0.33217796930459936,-0.37814938434574963,-0.4198371008199776,-0.45605149500467596,-0.48572754019814346,-0.5079575177022004,-0.5220204276977753,-0.5274072212198764,-0.5238410564958197,-0.5112918871461678,-0.48998481398965144,-0.46040177372563423,-0.4232762933932016,-0.37958120562193903,-0.3305093923763554,-0.27744780001626135,-0.22194514180190678,-0.16567387122248844,-0.11038716660072409,-0.16627591042209217,-0.2254808303472894,-0.2864056980099612,-0.34739653300957224,-0.40682634296563025,-0.4632515805453341,-0.5150572433888556,-0.5607258880427199,-0.5988812410795106,-0.6283284970278428,-0.6480901224378752,-0.6574360915374791,-0.6559076159667314,-0.6433335956139246,-0.6198392054175808,-0.5858462392569355,-0.5420650512720768,-0.4894781612539805,-0.4293158179745574,-0.36302403623463586,-0.2922258338091245,-0.21867658742373522,-0.14421459688943508,
0.0,0.0,0.0,0.0,0.0,0.0,0.0,0.0,0.0,0.0,0.0,0.0,0.0,0.0,0.0,0.0,0.0,0.0,0.0,0.0,0.0,0.0,0.0,0.0,0.0,0.0,0.0,0.0,0.0,0.0,0.0,0.0,0.0,0.0,0.0,0.0,0.0,0.0,0.0,0.0,0.0,0.0,0.0,0.0,0.0,0.0,0.0,0.0,0.0,0.0,0.0,0.0,0.044194558436319864,0.09503199909176886,0.15059847467909843,0.20869948662575333,0.2669370392016439,0.32280021307192075,0.37376613557499044,0.4174075503477449,0.45150251036055944,0.47414118896124846,0.4838244774545043,0.47954896669416486,0.4608731381091784,0.4279601470670111,0.3815934796029928,0.32316298841211377,0.2546203225362996,0.17840448334272851,0.09734006368048058,0.014512530023143552,-0.06687345303358656,-0.14364532377951478,-0.2128153213632169,-0.2717259922554786,-0.3181801501805185,-0.3962692690703157,-0.47157633796820797,-0.5411926412186941,-0.6024621726351139,-0.6530828032159426,-0.6911908423901318,-0.7154266365532127,-0.7249796144809493,-0.7196119389136612,-0.6996606418803932,-0.6660187959647919,-0.6200968948442818,-0.5637661759797606,-0.4992861095845314,-0.4292186953614132,-0.356332547343256,-0.28350000380697277,-0.2135906708919534,-0.1493648934548693,-0.09337064408027235,-0.04784723136699515,-0.014639053067176888,0.004877639058655292,
0.0,0.0,0.0,0.0,0.0,0.0,0.0,0.0,0.0,0.0,0.0,0.0,0.0,0.0,0.0,0.0,0.0,0.0,0.0,0.0,0.0,0.0,0.0,0.0,0.0,0.0,0.0,0.0,0.0,0.0,0.0,0.0,0.0,0.0,0.0,0.0,0.0,0.0,0.0,0.0,0.0,0.0,0.0,0.0,0.0,0.0,0.0,0.0,0.0,0.0,0.0,0.0,0.0,0.0,0.0,0.0,0.0,0.0,0.0,0.0,0.0,0.0,0.0,0.0,0.0,0.0,0.0,0.0,0.0,0.0,0.0,0.0,0.0,0.0,0.0,0.0,0.0,0.0,0.0,0.0,0.0,0.0,0.0,0.0,0.0,0.0,0.0,0.0,0.0,0.0,0.0,0.0,0.0,0.0,0.0,0.0,0.0,0.0,0.0,0.0,
0.0,0.0,0.0,0.0,0.0,0.0,0.0,0.0,0.0,0.0,0.0,0.0,0.0,0.0,0.0,0.0,0.0,0.0,0.0,0.0,0.0,0.0,0.0,0.0,0.0,0.0,0.0,0.0,0.0,0.0,0.0,0.0,0.0,0.0,0.0,0.0,0.0,0.0,0.0,0.0,0.0,0.0,0.0,0.0,0.0,0.0,0.0,0.0,0.0,0.0,0.0,0.0,0.014473528944232789,0.034637714112447704,0.059916369019955174,0.08958268661233774,0.12277895266420534,0.15854013603189718,0.1958207418364487,0.23352421685029565,0.2705341175771451,0.30574619308934115,0.3381004984496744,0.36661264175793573,0.39040327918367135,0.408725007802051,0.42098586502704016,0.4267687246921825,0.4258459815156881,0.41818903539035096,0.40397222173947733,0.38357098071957385,0.3575542126165545,0.3266709254006056,0.29183143894081887,0.25408356464491566,0.21460795429906815,0.25564386773674586,0.296180485965523,0.3350628497687313,0.37116735444243754,0.40343472369958044,0.430901648770714,0.45273016856616427,0.4682339168609319,0.4769004380249136,0.4784088720885732,0.47264243045952475,0.4596952223090191,0.4398731448962266,0.4136887148003092,0.3818498867423138,0.3452430777257873,0.3049107818271672,0.2620243203722912,0.21785241885200532,0.17372643145650196,0.13100314265752894,0.09102615948104512,0.05508696525997961,
0.0,0.0,0.0,0.0,0.0,0.0,0.0,0.0,0.0,0.0,0.0,0.0,0.0,0.0,0.0,0.0,0.0,0.0,0.0,0.0,0.0,0.0,0.0,0.0,0.0,0.0,0.0,0.0,0.0,0.0,0.0,0.0,0.0,0.0,0.0,0.0,0.0,0.0,0.0,0.0,0.0,0.0,0.0,0.0,0.0,0.0,0.0,0.0,0.0,0.0,0.0,0.0,0.05264522201354818,0.11390043555652411,0.1812815575399912,0.251875210602103,0.32244741894250867,0.389577754897099,0.44981432073280536,0.4998430054329387,0.5366626344214749,0.5577561232552504,0.5612467650751934,0.5460285313722881,0.5118599142609809,0.4594124805666802,0.3902679318264484,0.3068609292686031,0.21236897628633689,0.11055486869275621,0.005571174849671158,-0.09826055871249295,-0.19668104840950712,-0.28571935326024894,-0.3618988323338574,-0.42240998625488446,-0.46524020601771215,-0.5533484926668621,-0.6343985936395695,-0.7051823112471136,-0.7629692711941967,-0.8055993575710942,-0.8315499141035245,-0.8399770501885397,-0.8307311251218863,-0.8043471438564792,-0.7620113919920694,-0.7055061728019296,-0.6371349881323967,-0.5596309283236486,-0.47605140195662915,-0.38966264059049216,-0.3038176519533722,-0.2218314619195007,-0.14685757551529222,-0.08176959480195956,-0.02905185190314502,0.009297255516191816,0.0318458047004207,0.03778970529317344,
0.0,0.0,0.0,0.0,0.0,0.0,0.0,0.0,0.0,0.0,0.0,0.0,0.0,0.0,0.0,0.0,0.0,0.0,0.0,0.0,0.0,0.0,0.0,0.0,0.0,0.0,0.0,0.0,0.0,0.0,0.0,0.0,0.0,0.0,0.0,0.0,0.0,0.0,0.0,0.0,0.0,0.0,0.0,0.0,0.0,0.0,0.0,0.0,0.0,0.0,0.0,0.0,0.23132273864864272,0.5224599402633416,0.823493967319775,1.0455341081577703,1.1284168009545947,1.0874775013589875,0.9741806410557461,0.8312719808029966,0.6839639613079993,0.5448497443796829,0.419795688326601,0.3113193027479073,0.22021639285717565,0.1463044556746796,0.0887670042261186,0.046329084571171686,0.017367410768280522,0.0,-0.007826520135440052,-0.008246194777097982,-0.003379923790431616,0.004758029488463544,0.01434809861684827,0.02384212312472206,0.032022665025309455,0.03803948793186934,0.04141913972853893,0.04204577398025761,0.04011423018529786,0.03605965988889556,0.03047113509669286,0.0239990908667968,0.017267546835811276,0.010801441822682334,0.004977078532926615,0.0,-0.004089674078649852,-0.00738847523943581,-0.010084451773728964,-0.012404319850969181,-0.014561551783335153,-0.016712728183000958,-0.018927286110371602,-0.021173253088266154,-0.023319125318674163,-0.02515004725180684,-0.02639504134274548,-0.02676124913451941,
0.0,0.0,0.0,0.0,0.0,0.0,0.0,0.0,0.0,0.0,0.0,0.0,0.0,0.0,0.0,0.0,0.0,0.0,0.0,0.0,0.0,0.0,0.0,0.0,0.0,0.0,0.0,0.0,0.0,0.0,0.0,0.0,0.0,0.0,0.0,0.0,0.0,0.0,0.0,0.0,0.0,0.0,0.0,0.0,0.0,0.0,0.0,0.0,0.0,0.0,0.0,0.0,0.0,0.0,0.0,0.0,0.0,0.0,0.0,0.0,0.0,0.0,0.0,0.0,0.0,0.0,0.0,0.0,0.0,0.0,0.0,0.0,0.0,0.0,0.0,0.0,0.0,0.035448886429618964,0.07894638266337695,0.12914794372861238,0.18438320433856192,0.24270336045152274,0.3019424667467738,0.35979123155867765,0.41388125675507814,0.46187705036580573,0.5015725626469955,0.5309884931919646,0.5484662216891851,0.5527539633280485,0.5430806765947462,0.5192133884658231,0.4814939762907885,0.4308520742958871,0.36879166000678226,0.2973500095463094,0.21902905811442885,0.13670070794198716,0.053489212591139854,-0.02736466542521171,
0.0,0.0,0.0,0.0,0.0,0.0,0.0,0.0,0.0,0.0,0.0,0.0,0.0,0.0,0.0,0.0,0.0,0.0,0.0,0.0,0.0,0.0,0.0,0.0,0.0,0.0,0.0,0.0,0.0,0.0,0.0,0.0,0.0,0.0,0.0,0.0,0.0,0.0,0.0,0.0,0.0,0.0,0.0,0.0,0.0,0.0,0.0,0.0,0.0,0.0,0.0,0.0,0.0,0.0,0.0,0.0,0.0,0.0,0.0,0.0,0.0,0.0,0.0,0.0,0.0,0.0,0.0,0.0,0.0,0.0,0.0,0.0,0.0,0.0,0.0,0.0,0.0,0.0,0.0,0.0,0.0,0.0,0.0,0.0,0.0,0.0,0.0,0.0,0.0,0.0,0.0,0.0,0.0,0.0,0.0,0.0,0.0,0.0,0.0,0.0,
0.0,0.0,0.0,0.0,0.0,0.0,0.0,0.0,0.0,0.0,0.0,0.0,0.0,0.0,0.0,0.0,0.0,0.0,0.0,0.0,0.0,0.0,0.0,0.0,0.0,0.0,0.0,0.006940748181727796,0.013714563543675451,0.02019735809526818,0.026301511790739418,0.03195809213263731,0.03709630596045835,0.04162419406501719,0.045414193907761205,0.04829628342393363,0.050060183608384747,0.05046676227909662,0.04926754305852171,0.04623022551903758,0.041167445330458685,0.03396567107834625,0.024611128569833052,0.013209919200776632,0.0,-0.014646638406681955,-0.030232477019969284,-0.04615368938218309,-0.06172924044981867,-0.07623817799790139,-0.08896265425293984,-0.09923356521427446,-0.15550787766218532,-0.21200817510033293,-0.2669719333479779,-0.3186784285447114,-0.36550428130706514,-0.4059760658819473,-0.438818274270121,-0.4629950704977427,-0.4777444665933791,-0.48260379311201235,-0.4774256154908498,-0.46238355415437316,-0.4379677912049518,-0.4049703792265353,-0.36446079740981907,-0.31775251617792355,-0.26636162348356035,-0.21195882445968092,-0.15631634270965894,-0.10125141914510913,-0.04856821742632317,-8.326672684688674E-17,0.042846566387403834,0.0785431818998408,0.10588609074686978,0.1057454259317214,0.10579168692781785,0.1060265083972986,0.10645265455460165,0.10707407201134947,0.10789594930537375,0.10892478377075226,0.11016845586679383,0.11163631040440147,0.11333924319525113,0.11528979037936166,0.1175022158928089,0.11999258999133347,0.12277884813540696,0.1258808144436842,0.12932016676418964,0.13312031044279427,0.1373061141200693,0.1419034421757522,0.14693839342289222,0.1524361230370959,0.15841908373414604,0.16490447368124034,
0.0,0.0,0.0,0.0,0.0,0.0,0.0,0.0,0.0,0.0,0.0,0.0,0.0,0.0,0.0,0.0,0.0,0.0,0.0,0.0,0.0,0.0,0.0,0.0,0.0,0.0,0.0,0.0,0.0,0.0,0.0,0.0,0.0,0.0,0.0,0.0,0.0,0.0,0.0,0.0,0.0,0.0,0.0,0.0,0.0,0.0,0.0,0.0,0.0,0.0,0.0,0.0,0.0,0.0,0.0,0.0,0.0,0.0,0.0,0.0,0.0,0.0,0.0,0.0,0.0,0.0,0.0,0.0,0.0,0.0,0.0,0.0,0.0,0.0,0.0,0.0,0.0,0.0,0.0,0.0,0.0,0.0,0.0,0.0,0.0,0.0,0.0,0.0,0.0,0.0,0.0,0.0,0.0,0.0,0.0,0.0,0.0,0.0,0.0,0.0,
0.0,0.0,0.0,0.0,0.0,0.0,0.0,0.0,0.0,0.0,0.0,0.0,0.0,0.0,0.0,0.0,0.0,0.0,0.0,0.0,0.0,0.0,0.0,0.0,0.0,0.0,0.0,0.0,0.0,0.0,0.0,0.0,0.0,0.0,0.0,0.0,0.0,0.0,0.0,0.0,0.0,0.0,0.0,0.0,0.0,0.0,0.0,0.0,0.0,0.0,0.0,0.0,0.0,0.0,0.0,0.0,0.0,0.0,0.0,0.0,0.0,0.0,0.0,0.0,0.0,0.0,0.0,0.0,0.0,0.0,0.0,0.0,0.0,0.0,0.0,0.0,0.0,0.04657974826687905,0.10670322653784495,0.17863477725894425,0.2599077600960655,0.3473438503362585,0.43710998321788663,0.5248191427695087,0.6056805278510822,0.6747029548869576,0.7269522093654084,0.7578579631245002,0.7635585164530039,0.7412621145323055,0.6895928095477191,0.6088787559272402,0.5013345351357402,0.37109036614088675,0.22403309848219088,0.0674476806721729,-0.09051951177310284,-0.24151956691037435,-0.377699403836467,-0.4923463677679558,
0.0,0.0,0.0,0.0,0.0,0.0,0.0,0.0,0.0,0.0,0.0,0.0,0.0,0.0,0.0,0.0,0.0,0.0,0.0,0.0,0.0,0.0,0.0,0.0,0.0,0.0,0.0,0.0,0.0,0.0,0.0,0.0,0.0,0.0,0.0,0.0,0.0,0.0,0.0,0.0,0.0,0.0,0.0,0.0,0.0,0.0,0.0,0.0,0.0,0.0,0.0,0.0,-0.03581789666853111,-0.07448813446292583,-0.11490614667549798,-0.1559115531620993,-0.19632221427158997,-0.23496906533629924,-0.27073070314594405,-0.30256669879419756,-0.32954864472880663,-0.35088800689498584,-0.36595994379406255,-0.37432237050323736,-0.375729683871197,-0.3701407212027811,-0.35772069420663055,-0.33883701781706543,-0.3140491344583065,-0.284092613022589,-0.24985797295474232,-0.21236484224856012,-0.17273219909583976,-0.13214556611933273,-0.09182211992835551,-0.05297474426452868,-0.01677609019041143,-0.05516006985777128,-0.09639020018701341,-0.1392240086389174,-0.18237911842835944,-0.2245712097804941,-0.2645514584518309,-0.30114241197118546,-0.33327132656197883,-0.36000007504683046,-0.3805508455035943,-0.3943269788119751,-0.40092843683781254,-0.4001615478436814,-0.39204283754928093,-0.37679691872680143,-0.35484857492511146,-0.32680933059103756,-0.29345894642282344,-0.25572241148760777,-0.21464311910455897,-0.17135300887028085,-0.12704053017510888,-0.08291733143507983,
0.0,0.0,0.0,0.0,0.0,0.0,0.0,0.0,0.0,0.0,0.0,0.0,0.0,0.0,0.0,0.0,0.0,0.0,0.0,0.0,0.0,0.0,0.0,0.0,0.0,0.0,0.0,-0.032008925405684105,-0.06721061944208122,-0.10456276123678855,-0.1429465162043074,-0.1811987057742726,-0.2181458810752209,-0.25263934321140286,-0.2835901010151156,-0.3100027328297371,-0.3310071234757432,-0.34588708182451455,-0.35410490831598657,-0.35532107445876904,-0.34940829618439917,-0.3364594274341589,-0.3167887663231192,-0.2909265497382231,-0.25960660874974706,-0.22374736168576437,-0.18442652865805872,-0.14285015496350706,-0.10031672518769172,-0.05823994369300284,-0.018038840143896256,0.018963932960247246,0.024281462820601465,0.029415422886573492,0.03400372998712866,0.03768781672384286,0.0401304602712478,0.04103322404127617,0.04015274127987335,0.03731510270099586,0.03242767428079296,0.02548776418192847,0.016587676120871225,0.00591582593330392,-0.006246246660088023,-0.019530974025392916,-0.033495798849589864,-0.047637824071073864,-0.06141158880357092,-0.07424934569179462,-0.08558309832388906,-0.09486756753468266,-0.10160319664942247,-0.10535828076596965,-0.10578931560018916,-0.10265870741686438,-0.09584906595451019,-0.14069414215168563,-0.18721646196515865,-0.23398240368972695,-0.27955673574829065,-0.3225465270505201,-0.3616432534561304,-0.3956619148040683,-0.4235760815194321,-0.44454792141178967,-0.4579524120446271,-0.4633951175812687,-0.4607230964868311,-0.45002870279228424,-0.4316462435516347,-0.4061416533662222,-0.37429553823586786,-0.337080120583119,-0.29563078049755476,-0.25121303094345926,-0.20518588331588283,-0.15896265142090535,-0.11397030452197672,-0.07160851213432212,
0.0,0.0,0.0,0.0,0.0,0.0,0.0,0.0,0.0,0.0,0.0,0.0,0.0,0.0,0.0,0.0,0.0,0.0,0.0,0.0,0.0,0.0,0.0,0.0,0.0,0.0,0.0,0.0,0.0,0.0,0.0,0.0,0.0,0.0,0.0,0.0,0.0,0.0,0.0,0.0,0.0,0.0,0.0,0.0,0.0,0.0,0.0,0.0,0.0,0.0,0.0,0.0,0.016625749628721626,0.038323655802667445,0.06450479501341655,0.09444135008966725,0.1272792994707173,0.16205601753482302,0.1977231784296961,0.23317503878960807,0.26728174735158977,0.29892682177572466,0.32704739602889416,0.3506753444963857,0.3689770098767824,0.381289075278352,0.3871481814612453,0.38631221843759306,0.3787717943057764,0.36475113812920734,0.34469853009129503,0.319267158772736,0.2892879770402329,0.2557365861823827,0.21969638323938084,0.18232016187642067,0.14477679949071592,0.19612368314640377,0.2421698630259841,0.28157735466931844,0.31317790374439014,0.33600376787404507,0.34931507185410626,0.35262322289023357,0.3457097191897005,0.32863953645298233,0.3017649679345274,0.2657138034137159,0.22140273701807248,0.17002533528214575,0.1130289630366621,0.052079765878679185,-0.010984412159810178,-0.07421230833471773,-0.13560674949144585,-0.1931983433844131,-0.2451214150785865,-0.2896876962154575,-0.3254531737980392,-0.3512739051696793,
0.0,0.0,0.0,0.0,0.0,0.0,0.0,0.0,0.0,0.0,0.0,0.0,0.0,0.0,0.0,0.0,0.0,0.0,0.0,0.0,0.0,0.0,0.0,0.0,0.0,0.0,0.0,0.0,0.0,0.0,0.0,0.0,0.0,0.0,0.0,0.0,0.0,0.0,0.0,0.0,0.0,0.0,0.0,0.0,0.0,0.0,0.0,0.0,0.0,0.0,0.0,0.0,0.027064626286419737,0.05654029236959138,0.08739294419667949,0.1185255242951056,0.14881580175154663,0.17715566813666445,0.2024905108219733,0.22385724755389244,0.2404196301198529,0.2514995006851308,0.2566028101644532,0.255439380145724,0.2479356028803349,0.23423952048741326,0.21471799613401932,0.1899459767522051,0.16068813825215483,0.12787348921364555,0.0925637767445853,0.055916778110333916,0.019145764276124917,-0.016523421629310003,-0.04989612338178723,-0.07985187321853224,-0.10538505294617607,-0.07778892032923568,-0.052061979559064206,-0.02894977175308991,-0.009137406906223888,0.006769242756278632,0.01826054136288552,0.024937802489445632,0.026525292151054952,0.02287916203262605,0.013993028846293554,5.551115123125783E-17,-0.018828963302616297,-0.04209035915357645,-0.06925705073465452,-0.09969058491470323,-0.13265665061227816,-0.16734331654267326,-0.20288160882616924,-0.23836792021433834,-0.27288768637017524,-0.3055397223910402,-0.33546058591653605,-0.36184832265246575,
0.0,0.0,0.0,0.0,0.0,0.0,0.0,0.0,0.0,0.0,0.0,0.0,0.0,0.0,0.0,0.0,0.0,0.0,0.0,0.0,0.0,0.0,0.0,0.0,0.0,0.0,0.0,0.0,0.0,0.0,0.0,0.0,0.0,0.0,0.0,0.0,0.0,0.0,0.0,0.0,0.0,0.0,0.0,0.0,0.0,0.0,0.0,0.0,0.0,0.0,0.0,0.0,0.0,0.0,0.0,0.0,0.0,0.0,0.0,0.0,0.0,0.0,0.0,0.0,0.0,0.0,0.0,0.0,0.0,0.0,0.0,0.0,0.0,0.0,0.0,0.0,0.0,0.0,0.0,0.0,0.0,0.0,0.0,0.0,0.0,0.0,0.0,0.0,0.0,0.0,0.0,0.0,0.0,0.0,0.0,0.0,0.0,0.0,0.0,0.0,
0.0,0.0,0.0,0.0,0.0,0.0,0.0,0.0,0.0,0.0,0.0,0.0,0.0,0.0,0.0,0.0,0.0,0.0,0.0,0.0,0.0,0.0,0.0,0.0,0.0,0.0,0.0,0.0,0.0,0.0,0.0,0.0,0.0,0.0,0.0,0.0,0.0,0.0,0.0,0.0,0.0,0.0,0.0,0.0,0.0,0.0,0.0,0.0,0.0,0.0,0.0,0.0,0.0,0.0,0.0,0.0,0.0,0.0,0.0,0.0,0.0,0.0,0.0,0.0,0.0,0.0,0.0,0.0,0.0,0.0,0.0,0.0,0.0,0.0,0.0,0.0,0.0,0.0,0.0,0.0,0.0,0.0,0.0,0.0,0.0,0.0,0.0,0.0,0.0,0.0,0.0,0.0,0.0,0.0,0.0,0.0,0.0,0.0,0.0,0.0,
0.0,0.0,0.0,0.0,0.0,0.0,0.0,0.0,0.0,0.0,0.0,0.0,0.0,0.0,0.0,0.0,0.0,0.0,0.0,0.0,0.0,0.0,0.0,0.0,0.0,0.0,0.0,0.0,0.0,0.0,0.0,0.0,0.0,0.0,0.0,0.0,0.0,0.0,0.0,0.0,0.0,0.0,0.0,0.0,0.0,0.0,0.0,0.0,0.0,0.0,0.0,0.0,0.0,0.0,0.0,0.0,0.0,0.0,0.0,0.0,0.0,0.0,0.0,0.0,0.0,0.0,0.0,0.0,0.0,0.0,0.0,0.0,0.0,0.0,0.0,0.0,0.0,0.03634485601995391,0.08388038006503892,0.14146970793664995,0.20751218835697832,0.27996211842972457,0.35636376448032253,0.4339033442360965,0.5094784034732844,0.5797847692197735,0.6414209912785491,0.6910098691150327,0.7253362559597618,0.7414997606363043,0.7370801154212346,0.7103116840464032,0.6602616411116208,0.5870035315041341,0.491774020497818,0.37709563794396295,0.24684254600486627,0.10622084324859296,-0.03836831376563407,-0.17961227083498305,
0.0,0.0,0.0,0.0,0.0,0.0,0.0,0.0,0.0,0.0,0.0,0.0,0.0,0.0,0.0,0.0,0.0,0.0,0.0,0.0,0.0,0.0,0.0,0.0,0.0,0.0,0.0,-0.0026331172545445702,0.0015035386495048653,0.012274571872447293,0.029329986221173582,0.05211676897646575,0.07989725515823612,0.11177363345176529,0.14671774131587534,0.1836051145665697,0.22125211256542454,0.25845483912288275,0.2940285247410429,0.32684602944928026,0.35587416696421215,0.380206638161225,0.39909249111085354,0.41195919092547706,0.4184295788141243,0.4183322184887884,0.4117048611500849,-0.4688933264410744,-0.43733411042253756,-0.39997828195102575,-0.35790224523288616,-0.31240888219150187,-0.264932128797365,-0.21699484027924235,-0.1701631035779749,-0.1259983309641767,-0.08600856256942274,-0.051600458063255916,-0.02403346647059096,-0.0043776270473137036,0.006523626590280052,0.008084410729946867,0.0,-0.017737783911764227,-0.04483405585163175,-0.08069361970513186,-0.12443311283495542,-0.17490238209693743,-0.23071464613995485,-0.2902847206447702,-0.3518743204220679,-0.413643213027385,-0.4737047904021634,-0.5301844549105494,-0.5812790899432009,-0.6253158077804726,-0.6608081421101589,-0.6865078814985177,-0.70145082370543,-0.7049948679261566,-0.696849050165735,-0.6770923618053166,-0.6461814673539126,-0.6049467474300186,-0.5545764290769682,-0.49658891853764386,-0.432793811851793,-0.3652424159068981,-0.2961689565246435,-0.2279239705799151,-0.16290166622441404,-0.10346327991752408,-0.0518586530137215,-0.010148387188842478,0.019870988500326592,0.03673639954711705,0.03937978007096726,0.027179554206017364,5.551115123125783E-17,-0.04178328420791677,
0.0,0.0,0.0,0.0,0.0,0.0,0.0,0.0,0.0,0.0,0.0,0.0,0.0,0.0,0.0,0.0,0.0,0.0,0.0,0.0,0.0,0.0,0.0,0.0,0.0,0.0,0.0,-0.010404166631520162,-0.015592864515871302,-0.015399386679558341,-0.009828332005406143,9.440397174456383E-4,0.016575095846072058,0.03656660966616593,0.06028068880281348,0.08696033431718209,0.11575395105303396,0.14574299251102973,0.17597181448349183,0.20547873488625573,0.23332725550421793,0.25863639625701473,0.2806091242717076,0.2985579273415764,0.3119266817629166,0.3203080943703219,0.32345615306319075,0.321293193579738,0.3139113764172604,0.3015990911915041,0.2847932723973171,-0.05195978547695862,-0.05348764882027936,-0.052662589346094156,-0.04975211007174961,-0.04511163210386889,-0.0391655692389771,-0.03238546866221559,-0.025266176185931993,-0.018301073131272577,-0.01195747743397324,-0.0066533014971392745,-0.002736013212937205,-4.648558207854814E-4,2.8498841970203692E-6,-0.001379333979660613,-0.004543195864127825,-0.009307538629100942,-0.015385276952638277,-0.02239573498322278,-0.029881680860415843,-0.03733042092372319,-0.04419808805806766,-0.04993610395847084,-0.05401868112493154,-0.05597016251988862,-0.05539097859877573,-0.1098456686789808,-0.16773769954909803,-0.22727828907422595,-0.2866353302223674,-0.343990776786847,-0.3975965476995918,-0.4458273599419134,-0.487229029337426,-0.5205609422702382,-0.5448315945683728,-0.559326310847629,-0.5636264925288927,-0.5576199892427053,-0.541502439995641,-0.5157696808712866,-0.4812015588978058,-0.43883772104575414,-0.38994615755957807,-0.33598546495961656,-0.2785619517268536,-0.21938283530808458,-0.16020686990034222,-0.10279379863154356,
0.0,0.0,0.0,0.0,0.0,0.0,0.0,0.0,0.0,0.0,0.0,0.0,0.0,0.0,0.0,0.0,0.0,0.0,0.0,0.0,0.0,0.0,0.0,0.0,0.0,0.0,0.0,0.0,0.0,0.0,0.0,0.0,0.0,0.0,0.0,0.0,0.0,0.0,0.0,0.0,0.0,0.0,0.0,0.0,0.0,0.0,0.0,0.0,0.0,0.0,0.0,0.0,0.0,0.0,0.0,0.0,0.0,0.0,0.0,0.0,0.0,0.0,0.0,0.0,0.0,0.0,0.0,0.0,0.0,0.0,0.0,0.0,0.0,0.0,0.0,0.0,0.0,0.0,0.0,0.0,0.0,0.0,0.0,0.0,0.0,0.0,0.0,0.0,0.0,0.0,0.0,0.0,0.0,0.0,0.0,0.0,0.0,0.0,0.0,0.0,
0.0,0.0,0.0,0.0,0.0,0.0,0.0,0.0,0.0,0.0,0.0,0.0,0.0,0.0,0.0,0.0,0.0,0.0,0.0,0.0,0.0,0.0,0.0,0.0,0.0,0.0,0.0,0.0,0.0,0.0,0.0,0.0,0.0,0.0,0.0,0.0,0.0,0.0,0.0,0.0,0.0,0.0,0.0,0.0,0.0,0.0,0.0,0.0,0.0,0.0,0.0,0.0,0.03782401238266335,0.07914905669374946,0.12240003454435515,0.16589183753989528,0.2078918910936009,0.2466862689686682,0.28064681389414986,0.30829656365472163,0.3283707569984313,0.3398707863830838,0.3421086766507625,0.33473999618809264,0.3177835401524064,0.29162664833541885,0.25701561231621994,0.2150312623347766,0.16705047500244757,0.11469497774244566,0.059769413475547394,0.004191139569935241,-0.05008535850019949,-0.10114627832245288,-0.1471952387459805,-0.1866256618302425,-0.2180856829417851,-0.2719012840460614,-0.3246369845491367,-0.37445156360216736,-0.41961754704848164,-0.4585812176227219,-0.49001571628474805,-0.5128656465131911,-0.5263819004854344,-0.5301457592062256,-0.5240816682595499,-0.5084584474232796,-0.48387904656963376,-0.45125930309302353,-0.4117964790844265,-0.3669286517926838,-0.31828629156804,-0.26763758139990484,-0.21682920632213432,-0.1677244655003034,-0.12214063209854159,-0.08178750468670923,-0.04820905892812072,-0.022730020810778073,
0.0,0.0,0.0,0.0,0.0,0.0,0.0,0.0,0.0,0.0,0.0,0.0,0.0,0.0,0.0,0.0,0.0,0.0,0.0,0.0,0.0,0.0,0.0,0.0,0.0,0.0,0.0,-0.011026670886558676,-0.02163090568190157,-0.03140149705025283,-0.03994638607034462,-0.04692032073631841,-0.05205067971454408,-0.055158566737075115,-0.05617285751772131,-0.055135718404429115,-0.05219907574365677,-0.04761246388950553,-0.04170350978052993,-0.03485294980914905,-0.027466482816830534,-0.019945934213044997,-0.012662155075899156,-0.005931834692491922,0.0,0.004970552220080915,0.008902257231116428,0.011798244588177742,0.013730952557951204,0.014825213387166025,0.015237666265609351,0.015134749841794123,0.014391835006273973,0.013118520214959024,0.01144374404833056,0.009509079617883484,0.007461621632128518,0.005446770940523149,0.003601222633566603,0.0020464529474888415,8.829777783554982E-4,1.856224678655205E-4,0.0,3.403445155737983E-4,0.0011887910721855022,0.0024961330276257743,0.004184027617360225,0.006148560590674673,0.008265024484083394,0.010393714435586704,0.012386502360399461,0.014093916514623783,0.015372430316455535,0.016091652723777716,0.016141112995208262,0.015436345344984809,0.013924003436270677,0.014917171852652844,0.01593656812458752,0.01698681166100527,0.018072762651006213,0.019199578684377633,0.02037277667021445,0.021598301454009677,0.022882602746631314,0.02423272225316489,0.025656393239416708,0.02716215521708365,0.028759486989096944,0.030458962005884105,0.03227243088272111,0.03421323707287813,0.036296473153862224,0.03853928706241627,0.0409612500393898,0.04358480119611008,0.04643578773209589,0.04954412525311089,0.052944609819712524,0.05667792294227458,
0.0,0.0,0.0,0.0,0.0,0.0,0.0,0.0,0.0,0.0,0.0,0.0,0.0,0.0,0.0,0.0,0.0,0.0,0.0,0.0,0.0,0.0,0.0,0.0,0.0,0.0,0.0,0.0,0.0,0.0,0.0,0.0,0.0,0.0,0.0,0.0,0.0,0.0,0.0,0.0,0.0,0.0,0.0,0.0,0.0,0.0,0.0,0.0,0.0,0.0,0.0,0.0,0.0,0.0,0.0,0.0,0.0,0.0,0.0,0.0,0.0,0.0,0.0,0.0,0.0,0.0,0.0,0.0,0.0,0.0,0.0,0.0,0.0,0.0,0.0,0.0,0.0,0.193334206741109,0.41263945884793896,0.65122834600787,0.8948377451590148,1.1181658422580527,1.2846111129058473,1.3555047862602052,1.3102274242894711,1.162310951352865,0.9527247177392091,0.7268518963620021,0.5184562173902855,0.34437365931753605,0.20919236199850183,0.11155571172261847,0.047607009867197236,0.0122401588340737,0.0,0.00552394450820215,0.023762315389869726,0.05009819407835581,0.0804229679337573,0.11119087777625425,
0.0,0.0,0.0,0.0,0.0,0.0,0.0,0.0,0.0,0.0,0.0,0.0,0.0,0.0,0.0,0.0,0.0,0.0,0.0,0.0,0.0,0.0,0.0,0.0,0.0,0.0,0.0,0.0,0.0,0.0,0.0,0.0,0.0,0.0,0.0,0.0,0.0,0.0,0.0,0.0,0.0,0.0,0.0,0.0,0.0,0.0,0.0,0.0,0.0,0.0,0.0,0.0,0.0,0.0,0.0,0.0,0.0,0.0,0.0,0.0,0.0,0.0,0.0,0.0,0.0,0.0,0.0,0.0,0.0,0.0,0.0,0.0,0.0,0.0,0.0,0.0,0.0,0.03564097430361879,0.07493747409781462,0.11659085806115221,0.159193022602224,0.20127001832937352,0.2413293189800878,0.2779093552282703,0.3096297842537066,0.33524086333760583,0.3536702377569355,0.3640654448791192,0.3658304816947993,0.35865488506737286,0.34253393443641633,0.31777880580946904,0.28501578212659034,0.24517395506478873,0.19946123148226097,0.1493288760180048,0.09642526931075905,0.04254002560202306,-0.01045992193195476,-0.06070021371226053,
0.0,0.0,0.0,0.0,0.0,0.0,0.0,0.0,0.0,0.0,0.0,0.0,0.0,0.0,0.0,0.0,0.0,0.0,0.0,0.0,0.0,0.0,0.0,0.0,0.0,0.0,0.0,0.0,0.0,0.0,0.0,0.0,0.0,0.0,0.0,0.0,0.0,0.0,0.0,0.0,0.0,0.0,0.0,0.0,0.0,0.0,0.0,0.0,0.0,0.0,0.0,0.0,0.0,0.0,0.0,0.0,0.0,0.0,0.0,0.0,0.0,0.0,0.0,0.0,0.0,0.0,0.0,0.0,0.0,0.0,0.0,0.0,0.0,0.0,0.0,0.0,0.0,0.0,0.0,0.0,0.0,0.0,0.0,0.0,0.0,0.0,0.0,0.0,0.0,0.0,0.0,0.0,0.0,0.0,0.0,0.0,0.0,0.0,0.0,0.0,
0.0,0.0,0.0,0.0,0.0,0.0,0.0,0.0,0.0,0.0,0.0,0.0,0.0,0.0,0.0,0.0,0.0,0.0,0.0,0.0,0.0,0.0,0.0,0.0,0.0,0.0,0.0,0.0,0.0,0.0,0.0,0.0,0.0,0.0,0.0,0.0,0.0,0.0,0.0,0.0,0.0,0.0,0.0,0.0,0.0,0.0,0.0,0.0,0.0,0.0,0.0,0.0,0.0,0.0,0.0,0.0,0.0,0.0,0.0,0.0,0.0,0.0,0.0,0.0,0.0,0.0,0.0,0.0,0.0,0.0,0.0,0.0,0.0,0.0,0.0,0.0,0.0,0.0,0.0,0.0,0.0,0.0,0.0,0.0,0.0,0.0,0.0,0.0,0.0,0.0,0.0,0.0,0.0,0.0,0.0,0.0,0.0,0.0,0.0,0.0,
0.0,0.0,0.0,0.0,0.0,0.0,0.0,0.0,0.0,0.0,0.0,0.0,0.0,0.0,0.0,0.0,0.0,0.0,0.0,0.0,0.0,0.0,0.0,0.0,0.0,0.0,0.0,0.0,0.0,0.0,0.0,0.0,0.0,0.0,0.0,0.0,0.0,0.0,0.0,0.0,0.0,0.0,0.0,0.0,0.0,0.0,0.0,0.0,0.0,0.0,0.0,0.0,0.0,0.0,0.0,0.0,0.0,0.0,0.0,0.0,0.0,0.0,0.0,0.0,0.0,0.0,0.0,0.0,0.0,0.0,0.0,0.0,0.0,0.0,0.0,0.0,0.0,0.0,0.0,0.0,0.0,0.0,0.0,0.0,0.0,0.0,0.0,0.0,0.0,0.0,0.0,0.0,0.0,0.0,0.0,0.0,0.0,0.0,0.0,0.0,
0.0,0.0,0.0,0.0,0.0,0.0,0.0,0.0,0.0,0.0,0.0,0.0,0.0,0.0,0.0,0.0,0.0,0.0,0.0,0.0,0.0,0.0,0.0,0.0,0.0,0.0,0.0,0.0,0.0,0.0,0.0,0.0,0.0,0.0,0.0,0.0,0.0,0.0,0.0,0.0,0.0,0.0,0.0,0.0,0.0,0.0,0.0,0.0,0.0,0.0,0.0,0.0,-0.004003812034024723,-0.0020535444270900483,0.005795765655599555,0.01932005720317151,0.038132674727561156,0.06169532907780867,0.08933328868233943,0.12025438552412827,0.15357131648405248,0.1883266308064039,0.22351972076983945,0.2581350771859283,0.2911710356171654,0.32166822420858243,0.3487369302158987,0.371582629580895,0.3895289715831491,0.4020375774733814,0.40872409633987805,0.40937006107773977,0.4039301996091446,0.392534978483548,0.3754882844430542,0.3532602810593085,0.32641005977112564,0.35844033467066655,0.3862352930711488,0.40890383728602175,0.42570422467337576,0.4360695450856351,0.43962802486860997,0.4362174407900641,0.4258931040243501,0.40892907080520324,0.38581244661078196,0.35723086826204475,0.324053466267381,0.2873058211878667,0.24813962588899685,0.20779794377291977,0.167577105476447,0.12878640784003467,0.09270686488496724,0.060550307833350275,0.03342013781106337,0.012275000003323017,-0.0021034277815808744,-0.009137454091334846,
0.0,0.0,0.0,0.0,0.0,0.0,0.0,0.0,0.0,0.0,0.0,0.0,0.0,0.0,0.0,0.0,0.0,0.0,0.0,0.0,0.0,0.0,0.0,0.0,0.0,0.0,0.0,0.0,0.0,0.0,0.0,0.0,0.0,0.0,0.0,0.0,0.0,0.0,0.0,0.0,0.0,0.0,0.0,0.0,0.0,0.0,0.0,0.0,0.0,0.0,0.0,0.0,0.027247447741896663,0.05891881313210744,0.0939817046942345,0.1312592466916239,0.16946806755189248,0.2072611205421039,0.2432739509219024,0.27617285197905617,0.3047032303277399,0.3277364352569241,0.34431330265595983,0.35368272400800405,0.3553336757857598,0.3490193325729386,0.3347721341640866,0.312908976100591,0.28402603556332134,0.24898311909430854,0.2088778122477205,0.16501010951608036,0.11883859032744278,0.07192956775885787,0.02590095529016989,-0.017637141245896437,-0.057142907484353786,-0.10295261507275907,-0.15155908509371363,-0.20138597092448388,-0.25080677533158935,-0.2982014380801462,-0.34201239550157453,-0.3807982425805103,-0.4132832415064488,-0.43840108654797877,-0.45533154663894104,-0.4635288563011579,-0.46274100381192296,-0.45301936372748686,-0.4347184296569453,-0.4084857132472933,-0.37524217767482054,-0.3361538600288853,-0.29259559901388266,-0.24610801545659777,-0.19834908729121228,-0.15104181325438787,-0.10591956694781407,-0.06467080300039399,
0.0,0.0,0.0,0.0,0.0,0.0,0.0,0.0,0.0,0.0,0.0,0.0,0.0,0.0,0.0,0.0,0.0,0.0,0.0,0.0,0.0,0.0,0.0,0.0,0.0,0.0,0.0,0.0,0.0,0.0,0.0,0.0,0.0,0.0,0.0,0.0,0.0,0.0,0.0,0.0,0.0,0.0,0.0,0.0,0.0,0.0,0.0,0.0,0.0,0.0,0.0,0.0,0.0,0.0,0.0,0.0,0.0,0.0,0.0,0.0,0.0,0.0,0.0,0.0,0.0,0.0,0.0,0.0,0.0,0.0,0.0,0.0,0.0,0.0,0.0,0.0,0.0,0.0,0.0,0.0,0.0,0.0,0.0,0.0,0.0,0.0,0.0,0.0,0.0,0.0,0.0,0.0,0.0,0.0,0.0,0.0,0.0,0.0,0.0,0.0,
0.0,0.0,0.0,0.0,0.0,0.0,0.0,0.0,0.0,0.0,0.0,0.0,0.0,0.0,0.0,0.0,0.0,0.0,0.0,0.0,0.0,0.0,0.0,0.0,0.0,0.0,0.0,0.0,0.0,0.0,0.0,0.0,0.0,0.0,0.0,0.0,0.0,0.0,0.0,0.0,0.0,0.0,0.0,0.0,0.0,0.0,0.0,0.0,0.0,0.0,0.0,0.0,0.0,0.0,0.0,0.0,0.0,0.0,0.0,0.0,0.0,0.0,0.0,0.0,0.0,0.0,0.0,0.0,0.0,0.0,0.0,0.0,0.0,0.0,0.0,0.0,0.0,0.0,0.0,0.0,0.0,0.0,0.0,0.0,0.0,0.0,0.0,0.0,0.0,0.0,0.0,0.0,0.0,0.0,0.0,0.0,0.0,0.0,0.0,0.0,
0.0,0.0,0.0,0.0,0.0,0.0,0.0,0.0,0.0,0.0,0.0,0.0,0.0,0.0,0.0,0.0,0.0,0.0,0.0,0.0,0.0,0.0,0.0,0.0,0.0,0.0,0.0,0.0,0.0,0.0,0.0,0.0,0.0,0.0,0.0,0.0,0.0,0.0,0.0,0.0,0.0,0.0,0.0,0.0,0.0,0.0,0.0,0.0,0.0,0.0,0.0,0.0,0.0,0.0,0.0,0.0,0.0,0.0,0.0,0.0,0.0,0.0,0.0,0.0,0.0,0.0,0.0,0.0,0.0,0.0,0.0,0.0,0.0,0.0,0.0,0.0,0.0,0.0,0.0,0.0,0.0,0.0,0.0,0.0,0.0,0.0,0.0,0.0,0.0,0.0,0.0,0.0,0.0,0.0,0.0,0.0,0.0,0.0,0.0,0.0,
0.0,0.0,0.0,0.0,0.0,0.0,0.0,0.0,0.0,0.0,0.0,0.0,0.0,0.0,0.0,0.0,0.0,0.0,0.0,0.0,0.0,0.0,0.0,0.0,0.0,0.0,0.0,0.0,0.0,0.0,0.0,0.0,0.0,0.0,0.0,0.0,0.0,0.0,0.0,0.0,0.0,0.0,0.0,0.0,0.0,0.0,0.0,0.0,0.0,0.0,0.0,0.0,0.0,0.0,0.0,0.0,0.0,0.0,0.0,0.0,0.0,0.0,0.0,0.0,0.0,0.0,0.0,0.0,0.0,0.0,0.0,0.0,0.0,0.0,0.0,0.0,0.0,0.05473850041709294,0.11756155257837897,0.18778110474609833,0.264367451771556,0.3459669849003339,0.43088830657243005,0.5168471254480529,0.6010339441505768,0.6800809975631985,0.7499916540189837,0.8059739435652162,0.8420616872825707,0.8503014911316275,0.8191595373555219,0.7310934071893928,0.5624461436053805,0.3013594478392952,2.220446049250313E-16,-0.22841110790610736,-0.33295225204063544,-0.34634767494153107,-0.31310480527664836,-0.2617144299116818,
0.0,0.0,0.0,0.0,0.0,0.0,0.0,0.0,0.0,0.0,0.0,0.0,0.0,0.0,0.0,0.0,0.0,0.0,0.0,0.0,0.0,0.0,0.0,0.0,0.0,0.0,0.0,0.0,0.0,0.0,0.0,0.0,0.0,0.0,0.0,0.0,0.0,0.0,0.0,0.0,0.0,0.0,0.0,0.0,0.0,0.0,0.0,0.0,0.0,0.0,0.0,0.0,0.0,0.0,0.0,0.0,0.0,0.0,0.0,0.0,0.0,0.0,0.0,0.0,0.0,0.0,0.0,0.0,0.0,0.0,0.0,0.0,0.0,0.0,0.0,0.0,0.0,0.0,0.0,0.0,0.0,0.0,0.0,0.0,0.0,0.0,0.0,0.0,0.0,0.0,0.0,0.0,0.0,0.0,0.0,0.0,0.0,0.0,0.0,0.0,
