0.0,0.0,0.0,0.0,0.0,0.0,0.0,0.0,0.0,0.0,0.0,0.0,0.0,0.0,0.0,0.0,0.0,0.0,0.0,0.0,0.0,0.0,0.0,0.0,0.0,0.0,0.0,0.0,0.0,0.0,0.0,0.0,0.0,0.0,0.0,0.0,0.0,0.0,0.0,0.0,0.0,0.0,0.0,0.0,0.0,0.0,0.0,0.0,0.0,0.0,0.0,0.0,0.0,0.0,0.0,0.0,0.0,0.0,0.0,0.0,0.0,0.0,0.0,0.0,0.0,0.0,0.0,0.0,0.0,0.0,0.0,0.0,0.0,0.0,0.0,0.0,0.0,0.0,0.0,0.0,0.0,0.0,0.0,0.0,0.0,0.0,0.0,0.0,0.0,0.0,0.0,0.0,0.0,0.0,0.0,0.0,0.0,0.0,0.0,0.0,
0.0,0.0,0.0,0.0,0.0,0.0,0.0,0.0,0.0,0.0,0.0,0.0,0.0,0.0,0.0,0.0,0.0,0.0,0.0,0.0,0.0,0.0,0.0,0.0,0.0,0.0,0.0,0.0,0.0,0.0,0.0,0.0,0.0,0.0,0.0,0.0,0.0,0.0,0.0,0.0,0.0,0.0,0.0,0.0,0.0,0.0,0.0,0.0,0.0,0.0,0.0,0.0,0.0,0.0,0.0,0.0,0.0,0.0,0.0,0.0,0.0,0.0,0.0,0.0,0.0,0.0,0.0,0.0,0.0,0.0,0.0,0.0,0.0,0.0,0.0,0.0,0.0,0.0,0.0,0.0,0.0,0.0,0.0,0.0,0.0,0.0,0.0,0.0,0.0,0.0,0.0,0.0,0.0,0.0,0.0,0.0,0.0,0.0,0.0,0.0,
0.0,0.0,0.0,0.0,0.0,0.0,0.0,0.0,0.0,0.0,0.0,0.0,0.0,0.0,0.0,0.0,0.0,0.0,0.0,0.0,0.0,0.0,0.0,0.0,0.0,0.0,0.0,0.0,0.0,0.0,0.0,0.0,0.0,0.0,0.0,0.0,0.0,0.0,0.0,0.0,0.0,0.0,0.0,0.0,0.0,0.0,0.0,0.0,0.0,0.0,0.0,0.0,0.0667366178063332,0.13141200880915158,0.1920457605038349,0.24678329703563037,0.29395322708495863,0.3321189242149347,0.36012273149593793,0.37712141722141346,0.38261178657262096,0.3764456662106676,0.35883381493771305,0.33033866300218545,0.29185613416250333,0.24458714707968976,0.1899997151237726,0.12978285607534867,0.06579377631068062,5.551115123125783E-17,-0.06558173371016011,-0.1289478882162411,-0.18816991084065338,-0.24145345530782275,-0.2871932110063525,-0.3240216504815361,-0.350850204728571,-0.3226478695701242,-0.2847636390430498,-0.2383971306395987,-0.18500244726443224,-0.1262421848249045,-0.06393522967125387,1.1102230246251565E-16,0.06360508236249487,0.1249420278114089,0.1821527436153889,0.2335156905192507,0.277497993526989,0.312801421744656,0.3384008532016321,0.3535740833351838,0.35792211239908345,0.35137934852899444,0.334213479946244,0.30701509179210906,0.27067742026371616,0.2263669392172969,0.1754857529092681,0.11962701458883665,
0.0,0.0,0.0,0.0,0.0,0.0,0.0,0.0,0.0,0.0,0.0,0.0,0.0,0.0,0.0,0.0,0.0,0.0,0.0,0.0,0.0,0.0,0.0,0.0,0.0,0.0,0.0,0.0,0.0,0.0,0.0,0.0,0.0,0.0,0.0,0.0,0.0,0.0,0.0,0.0,0.0,0.0,0.0,0.0,0.0,0.0,0.0,0.0,0.0,0.0,0.0,0.0,0.0,0.0,0.0,0.0,0.0,0.0,0.0,0.0,0.0,0.0,0.0,0.0,0.0,0.0,0.0,0.0,0.0,0.0,0.0,0.0,0.0,0.0,0.0,0.0,0.0,0.0,0.0,0.0,0.0,0.0,0.0,0.0,0.0,0.0,0.0,0.0,0.0,0.0,0.0,0.0,0.0,0.0,0.0,0.0,0.0,0.0,0.0,0.0,
0.0,0.0,0.0,0.0,0.0,0.0,0.0,0.0,0.0,0.0,0.0,0.0,0.0,0.0,0.0,0.0,0.0,0.0,0.0,0.0,0.0,0.0,0.0,0.0,0.0,0.0,0.0,0.0,0.0,0.0,0.0,0.0,0.0,0.0,0.0,0.0,0.0,0.0,0.0,0.0,0.0,0.0,0.0,0.0,0.0,0.0,0.0,0.0,0.0,0.0,0.0,0.0,0.0,0.0,0.0,0.0,0.0,0.0,0.0,0.0,0.0,0.0,0.0,0.0,0.0,0.0,0.0,0.0,0.0,0.0,0.0,0.0,0.0,0.0,0.0,0.0,0.0,0.0,0.0,0.0,0.0,0.0,0.0,0.0,0.0,0.0,0.0,0.0,0.0,0.0,0.0,0.0,0.0,0.0,0.0,0.0,0.0,0.0,0.0,0.0,
0.0,0.0,0.0,0.0,0.0,0.0,0.0,0.0,0.0,0.0,0.0,0.0,0.0,0.0,0.0,0.0,0.0,0.0,0.0,0.0,0.0,0.0,0.0,0.0,0.0,0.0,0.0,0.0,0.0,0.0,0.0,0.0,0.0,0.0,0.0,0.0,0.0,0.0,0.0,0.0,0.0,0.0,0.0,0.0,0.0,0.0,0.0,0.0,0.0,0.0,0.0,0.0,0.0,0.0,0.0,0.0,0.0,0.0,0.0,0.0,0.0,0.0,0.0,0.0,0.0,0.0,0.0,0.0,0.0,0.0,0.0,0.0,0.0,0.0,0.0,0.0,0.0,0.0,0.0,0.0,0.0,0.0,0.0,0.0,0.0,0.0,0.0,0.0,0.0,0.0,0.0,0.0,0.0,0.0,0.0,0.0,0.0,0.0,0.0,0.0,
0.0,0.0,0.0,0.0,0.0,0.0,0.0,0.0,0.0,0.0,0.0,0.0,0.0,0.0,0.0,0.0,0.0,0.0,0.0,0.0,0.0,0.0,0.0,0.0,0.0,0.0,0.0,0.0,0.0,0.0,0.0,0.0,0.0,0.0,0.0,0.0,0.0,0.0,0.0,0.0,0.0,0.0,0.0,0.0,0.0,0.0,0.0,0.0,0.0,0.0,0.0,0.0,0.0,0.0,0.0,0.0,0.0,0.0,0.0,0.0,0.0,0.0,0.0,0.0,0.0,0.0,0.0,0.0,0.0,0.0,0.0,0.0,0.0,0.0,0.0,0.0,0.0,0.0,0.0,0.0,0.0,0.0,0.0,0.0,0.0,0.0,0.0,0.0,0.0,0.0,0.0,0.0,0.0,0.0,0.0,0.0,0.0,0.0,0.0,0.0,
0.0,0.0,0.0,0.0,0.0,0.0,0.0,0.0,0.0,0.0,0.0,0.0,0.0,0.0,0.0,0.0,0.0,0.0,0.0,0.0,0.0,0.0,0.0,0.0,0.0,0.0,0.0,0.0,0.0,0.0,0.0,0.0,0.0,0.0,0.0,0.0,0.0,0.0,0.0,0.0,0.0,0.0,0.0,0.0,0.0,0.0,0.0,0.0,0.0,0.0,0.0,0.0,0.0,0.0,0.0,0.0,0.0,0.0,0.0,0.0,0.0,0.0,0.0,0.0,0.0,0.0,0.0,0.0,0.0,0.0,0.0,0.0,0.0,0.0,0.0,0.0,0.0,-0.034395101782518755,-0.07347423616539209,-0.11599396683008505,-0.16056495914413096,-0.2056928440782307,-0.24982394125776528,-0.29139461301781816,-0.328882848567852,-0.3608605348868273,-0.3860447644299511,-0.403346464381995,-0.4119146127676043,-0.4111743373388916,-0.4008572772031059,-0.3810227272039032,-0.3520682827546987,-0.31472895866086814,-0.27006406867038013,-0.21943152070538252,-0.16444960170387699,-0.10694678920155627,-0.04890062490487289,0.007632794045383945,
0.0,0.0,0.0,0.0,0.0,0.0,0.0,0.0,0.0,0.0,0.0,0.0,0.0,0.0,0.0,0.0,0.0,0.0,0.0,0.0,0.0,0.0,0.0,0.0,0.0,0.0,0.0,0.0,0.0,0.0,0.0,0.0,0.0,0.0,0.0,0.0,0.0,0.0,0.0,0.0,0.0,0.0,0.0,0.0,0.0,0.0,0.0,0.0,0.0,0.0,0.0,0.0,0.0,0.0,0.0,0.0,0.0,0.0,0.0,0.0,0.0,0.0,0.0,0.0,0.0,0.0,0.0,0.0,0.0,0.0,0.0,0.0,0.0,0.0,0.0,0.0,0.0,0.0,0.0,0.0,0.0,0.0,0.0,0.0,0.0,0.0,0.0,0.0,0.0,0.0,0.0,0.0,0.0,0.0,0.0,0.0,0.0,0.0,0.0,0.0,
0.0,0.0,0.0,0.0,0.0,0.0,0.0,0.0,0.0,0.0,0.0,0.0,0.0,0.0,0.0,0.0,0.0,0.0,0.0,0.0,0.0,0.0,0.0,0.0,0.0,0.0,0.0,0.0,0.0,0.0,0.0,0.0,0.0,0.0,0.0,0.0,0.0,0.0,0.0,0.0,0.0,0.0,0.0,0.0,0.0,0.0,0.0,0.0,0.0,0.0,0.0,0.0,-0.03336365792937011,-0.06923835081937463,-0.10628801937820602,-0.14311156343195408,-0.17829375575872908,-0.2104575996578656,-0.23831615297960074,-0.2607218179405436,-0.27671115218376396,-0.2855433922012465,-0.28673109202853053,-0.28006156128991333,-0.2656081272730629,-0.2437306329442407,-0.21506500150424424,-0.1805021312906808,-0.14115681456627385,-0.09832778175039553,-0.053450341277551945,-0.008043398222982931,0.03634712198334392,0.07820625626693611,0.11610713121168018,0.14876499256615916,0.17508600668454383,0.14164294323314974,0.10953574620544304,0.0796382768740388,0.05277650837243808,0.029707048152455034,0.011097142452525438,-0.0024933006632722465,-0.010627177893513695,-0.013002713425163237,-0.009462674810483296,-2.7755575615628914E-17,0.015240356988434844,0.03596345857817729,0.06173029164126084,0.09196744762194498,0.1259803721138479,0.16296988600242301,0.20205159166507042,0.242277698114976,0.2826607305781723,0.3221985347315778,0.3598999453033746,0.3948104641759933,
0.0,0.0,0.0,0.0,0.0,0.0,0.0,0.0,0.0,0.0,0.0,0.0,0.0,0.0,0.0,0.0,0.0,0.0,0.0,0.0,0.0,0.0,0.0,0.0,0.0,0.0,0.0,0.0,0.0,0.0,0.0,0.0,0.0,0.0,0.0,0.0,0.0,0.0,0.0,0.0,0.0,0.0,0.0,0.0,0.0,0.0,0.0,0.0,0.0,0.0,0.0,0.0,0.0,0.0,0.0,0.0,0.0,0.0,0.0,0.0,0.0,0.0,0.0,0.0,0.0,0.0,0.0,0.0,0.0,0.0,0.0,0.0,0.0,0.0,0.0,0.0,0.0,0.0,0.0,0.0,0.0,0.0,0.0,0.0,0.0,0.0,0.0,0.0,0.0,0.0,0.0,0.0,0.0,0.0,0.0,0.0,0.0,0.0,0.0,0.0,
0.0,0.0,0.0,0.0,0.0,0.0,0.0,0.0,0.0,0.0,0.0,0.0,0.0,0.0,0.0,0.0,0.0,0.0,0.0,0.0,0.0,0.0,0.0,0.0,0.0,0.0,0.0,0.0,0.0,0.0,0.0,0.0,0.0,0.0,0.0,0.0,0.0,0.0,0.0,0.0,0.0,0.0,0.0,0.0,0.0,0.0,0.0,0.0,0.0,0.0,0.0,0.0,0.04496388450711453,0.09404383977846213,0.14594215513733616,0.19920118279658655,0.2522364201620413,0.30338095153641786,0.3509409160614609,0.39326038675805186,0.4287926356308099,0.4561734319105296,0.474291028181408,0.48234707719472725,0.4799030610776219,0.46690794132661784,0.4437045255222014,0.4110142188649193,0.3699020196433487,0.32172546032315247,0.26807240888630135,0.21069309217681542,0.15143140752983184,0.09215970462947362,0.03471997454731558,-0.019126981818510386,-0.06774411339182501,-0.07953017494592536,-0.08928386954300471,-0.09634479648607477,-0.10018377449164559,-0.10043825003468924,-0.09693509680491354,-0.08969872854817709,-0.07894390614290783,-0.06505428611962369,-0.04854941381955974,-0.030044245768632516,-0.010206132251807554,0.01028569041644356,0.030773723979703016,0.050645949980996086,0.06934851841251233,0.08638814590100416,0.10132665992129686,0.11377124453295819,0.12336434567441637,0.1297768756218026,0.13270744989078512,0.13188911628588282,
0.0,0.0,0.0,0.0,0.0,0.0,0.0,0.0,0.0,0.0,0.0,0.0,0.0,0.0,0.0,0.0,0.0,0.0,0.0,0.0,0.0,0.0,0.0,0.0,0.0,0.0,0.0,0.0,0.0,0.0,0.0,0.0,0.0,0.0,0.0,0.0,0.0,0.0,0.0,0.0,0.0,0.0,0.0,0.0,0.0,0.0,0.0,0.0,0.0,0.0,0.0,0.0,0.0,0.0,0.0,0.0,0.0,0.0,0.0,0.0,0.0,0.0,0.0,0.0,0.0,0.0,0.0,0.0,0.0,0.0,0.0,0.0,0.0,0.0,0.0,0.0,0.0,-0.034680470644624206,-0.07227854149245802,-0.1113618636431868,-0.15041746184875746,-0.18790846435060596,-0.22233272703459053,-0.2522810323714705,-0.27649251720224144,-0.2939050569392715,-0.3036985060747397,-0.3053289602561938,-0.2985525533634052,-0.2834377196889051,-0.260365318738343,-0.23001651796934725,-0.1933488349914711,-0.15156123281134515,-0.10604961763738713,-0.05835448820842114,-0.010102810869725518,0.0370535685280813,0.08150052644242828,0.12172279322224137,
0.0,0.0,0.0,0.0,0.0,0.0,0.0,0.0,0.0,0.0,0.0,0.0,0.0,0.0,0.0,0.0,0.0,0.0,0.0,0.0,0.0,0.0,0.0,0.0,0.0,0.0,0.0,0.11718002873359534,0.2299722593756608,0.33438754432101836,0.42681523792245607,0.5041833686415961,0.5640817902031169,0.6048435661356566,0.6255834737345207,0.6261954055554418,0.6073125838745335,0.5702359977368416,0.5168374735274108,0.4494444302404662,0.3707137363515691,0.28350221232949313,0.19074120280908885,0.09532223293553105,1.1102230246251565E-16,-0.09268223947761117,-0.18044151265187686,-0.26127704648870814,-0.33346682544516426,-0.39554345937189006,-0.44625721695268067,-0.48453686731956935,-0.5763766493015666,-0.664266970113109,-0.7456058287774223,-0.8179548262754193,-0.8791131436600069,-0.9271851736742025,-0.9606397287203482,-0.9783589827381318,-0.9796755966564403,-0.964396818191334,-0.932814726918466,-0.8857022035410316,-0.8242946259646284,-0.7502577214768027,-0.6656424211327859,-0.572827956706492,-0.47445480021805003,-0.3733493600135857,-0.2724426058893581,-0.17468499068870172,-0.08296016091102343,-1.6653345369377348E-16,0.07169647680804042,0.1299379575290101,0.17290715304276721,0.26247980902989276,0.36404111326771865,0.47450935468241884,0.5904644585498353,0.708254649232669,0.8241125459958526,0.9342770594088554,1.0351171941331814,1.1232537238319722,1.1956746927519855,1.2498408194395187,1.2837771300848813,1.2961475269011133,1.2863094912873632,1.2543467188622066,1.2010781666688932,1.128042741639325,1.0374596508094596,0.9321652428973084,0.8155279715653238,0.691343876469128,0.5637156829614969,0.43691924028346807,
0.0,0.0,0.0,0.0,0.0,0.0,0.0,0.0,0.0,0.0,0.0,0.0,0.0,0.0,0.0,0.0,0.0,0.0,0.0,0.0,0.0,0.0,0.0,0.0,0.0,0.0,0.0,0.0,0.0,0.0,0.0,0.0,0.0,0.0,0.0,0.0,0.0,0.0,0.0,0.0,0.0,0.0,0.0,0.0,0.0,0.0,0.0,0.0,0.0,0.0,0.0,0.0,0.0,0.0,0.0,0.0,0.0,0.0,0.0,0.0,0.0,0.0,0.0,0.0,0.0,0.0,0.0,0.0,0.0,0.0,0.0,0.0,0.0,0.0,0.0,0.0,0.0,0.0,0.0,0.0,0.0,0.0,0.0,0.0,0.0,0.0,0.0,0.0,0.0,0.0,0.0,0.0,0.0,0.0,0.0,0.0,0.0,0.0,0.0,0.0,
0.0,0.0,0.0,0.0,0.0,0.0,0.0,0.0,0.0,0.0,0.0,0.0,0.0,0.0,0.0,0.0,0.0,0.0,0.0,0.0,0.0,0.0,0.0,0.0,0.0,0.0,0.0,0.0,0.0,0.0,0.0,0.0,0.0,0.0,0.0,0.0,0.0,0.0,0.0,0.0,0.0,0.0,0.0,0.0,0.0,0.0,0.0,0.0,0.0,0.0,0.0,0.0,0.0,0.0,0.0,0.0,0.0,0.0,0.0,0.0,0.0,0.0,0.0,0.0,0.0,0.0,0.0,0.0,0.0,0.0,0.0,0.0,0.0,0.0,0.0,0.0,0.0,0.0,0.0,0.0,0.0,0.0,0.0,0.0,0.0,0.0,0.0,0.0,0.0,0.0,0.0,0.0,0.0,0.0,0.0,0.0,0.0,0.0,0.0,0.0,
0.0,0.0,0.0,0.0,0.0,0.0,0.0,0.0,0.0,0.0,0.0,0.0,0.0,0.0,0.0,0.0,0.0,0.0,0.0,0.0,0.0,0.0,0.0,0.0,0.0,0.0,0.0,0.036893116224427626,0.07405518324671079,0.11035705046529065,0.14469570401436185,0.17602778128203303,0.20340127295532198,0.22598444934139103,0.2430911320533881,0.25420154319350835,0.2589780985413984,0.2572756648798664,0.24914596979424491,0.23483602995588634,0.21478064564560023,0.18958918956714058,0.1600270913659595,0.12699258043675635,0.09148939367784586,0.05459627745341823,0.017434210431135057,-0.018867656787444835,-0.05320631033651605,-0.08453838760418719,-0.11191187927747615,-0.13449505566354522,-0.09899186890463474,-0.06595735797543159,-0.036395259774250455,-0.011203803695790826,0.008851580614495286,0.023161520452853857,0.03129121553847536,0.03299364920000736,0.028217093852117292,0.017106682711997084,0.0,-0.02258317638606902,-0.04995666805935797,-0.08128874532702914,-0.11562739887610034,-0.15192926609468022,-0.18909133311696336,-0.225984449341391,-0.26148763610030146,-0.29452214702950463,-0.3240842452306858,-0.3492757013091454,-0.3693310856194315,-0.3836410254577901,-0.39177072054341155,-0.39355189853595784,-0.3889043510746033,-0.37793658630099947,-0.3609446216256532,-0.338405391114428,-0.3109648709251441,-0.2794211753524152,-0.24470302095018015,-0.20784409288673128,-0.16995397228374595,-0.13218639218735745,-0.09570567975503334,-0.061652310399205865,-0.0311085437144292,-0.005065129330841439,0.015609937666085816,0.030199667791663692,0.03816245324793449,0.039151775871434924,0.03303056605649349,0.01987966562474952,8.326672684688674E-17,-0.026091767624614903,
0.0,0.0,0.0,0.0,0.0,0.0,0.0,0.0,0.0,0.0,0.0,0.0,0.0,0.0,0.0,0.0,0.0,0.0,0.0,0.0,0.0,0.0,0.0,0.0,0.0,0.0,0.0,0.0,0.0,0.0,0.0,0.0,0.0,0.0,0.0,0.0,0.0,0.0,0.0,0.0,0.0,0.0,0.0,0.0,0.0,0.0,0.0,0.0,0.0,0.0,0.0,0.0,0.0,0.0,0.0,0.0,0.0,0.0,0.0,0.0,0.0,0.0,0.0,0.0,0.0,0.0,0.0,0.0,0.0,0.0,0.0,0.0,0.0,0.0,0.0,0.0,0.0,0.0,0.0,0.0,0.0,0.0,0.0,0.0,0.0,0.0,0.0,0.0,0.0,0.0,0.0,0.0,0.0,0.0,0.0,0.0,0.0,0.0,0.0,0.0,
0.0,0.0,0.0,0.0,0.0,0.0,0.0,0.0,0.0,0.0,0.0,0.0,0.0,0.0,0.0,0.0,0.0,0.0,0.0,0.0,0.0,0.0,0.0,0.0,0.0,0.0,0.0,0.0,0.0,0.0,0.0,0.0,0.0,0.0,0.0,0.0,0.0,0.0,0.0,0.0,0.0,0.0,0.0,0.0,0.0,0.0,0.0,0.0,0.0,0.0,0.0,0.0,0.0,0.0,0.0,0.0,0.0,0.0,0.0,0.0,0.0,0.0,0.0,0.0,0.0,0.0,0.0,0.0,0.0,0.0,0.0,0.0,0.0,0.0,0.0,0.0,0.0,0.0,0.0,0.0,0.0,0.0,0.0,0.0,0.0,0.0,0.0,0.0,0.0,0.0,0.0,0.0,0.0,0.0,0.0,0.0,0.0,0.0,0.0,0.0,
0.0,0.0,0.0,0.0,0.0,0.0,0.0,0.0,0.0,0.0,0.0,0.0,0.0,0.0,0.0,0.0,0.0,0.0,0.0,0.0,0.0,0.0,0.0,0.0,0.0,0.0,0.0,0.0,0.0,0.0,0.0,0.0,0.0,0.0,0.0,0.0,0.0,0.0,0.0,0.0,0.0,0.0,0.0,0.0,0.0,0.0,0.0,0.0,0.0,0.0,0.0,0.0,0.0,0.0,0.0,0.0,0.0,0.0,0.0,0.0,0.0,0.0,0.0,0.0,0.0,0.0,0.0,0.0,0.0,0.0,0.0,0.0,0.0,0.0,0.0,0.0,0.0,0.0,0.0,0.0,0.0,0.0,0.0,0.0,0.0,0.0,0.0,0.0,0.0,0.0,0.0,0.0,0.0,0.0,0.0,0.0,0.0,0.0,0.0,0.0,
0.0,0.0,0.0,0.0,0.0,0.0,0.0,0.0,0.0,0.0,0.0,0.0,0.0,0.0,0.0,0.0,0.0,0.0,0.0,0.0,0.0,0.0,0.0,0.0,0.0,0.0,0.0,0.0,0.0,0.0,0.0,0.0,0.0,0.0,0.0,0.0,0.0,0.0,0.0,0.0,0.0,0.0,0.0,0.0,0.0,0.0,0.0,0.0,0.0,0.0,0.0,0.0,0.0,0.0,0.0,0.0,0.0,0.0,0.0,0.0,0.0,0.0,0.0,0.0,0.0,0.0,0.0,0.0,0.0,0.0,0.0,0.0,0.0,0.0,0.0,0.0,0.0,0.0,0.0,0.0,0.0,0.0,0.0,0.0,0.0,0.0,0.0,0.0,0.0,0.0,0.0,0.0,0.0,0.0,0.0,0.0,0.0,0.0,0.0,0.0,
0.0,0.0,0.0,0.0,0.0,0.0,0.0,0.0,0.0,0.0,0.0,0.0,0.0,0.0,0.0,0.0,0.0,0.0,0.0,0.0,0.0,0.0,0.0,0.0,0.0,0.0,0.0,0.0,0.0,0.0,0.0,0.0,0.0,0.0,0.0,0.0,0.0,0.0,0.0,0.0,0.0,0.0,0.0,0.0,0.0,0.0,0.0,0.0,0.0,0.0,0.0,0.0,0.0,0.0,0.0,0.0,0.0,0.0,0.0,0.0,0.0,0.0,0.0,0.0,0.0,0.0,0.0,0.0,0.0,0.0,0.0,0.0,0.0,0.0,0.0,0.0,0.0,-0.04132242284331489,-0.09614105668140874,-0.1631273292111419,-0.24029473877764865,-0.32500356544922765,-0.41399345265655174,-0.5034483404137893,-0.589098193098445,-0.6663615616940662,-0.7305319909023911,-0.7770092690725592,-0.8015730924470101,-0.8006914460266249,-0.7718486302878278,-0.7138685684685769,-0.6271988039520259,-0.5141115815707991,-0.378773967648725,-0.22714317736075806,-0.06665956444440528,0.09426121206918427,0.24689744738950598,0.38297498941807534,
0.0,0.0,0.0,0.0,0.0,0.0,0.0,0.0,0.0,0.0,0.0,0.0,0.0,0.0,0.0,0.0,0.0,0.0,0.0,0.0,0.0,0.0,0.0,0.0,0.0,0.0,0.0,0.0,0.0,0.0,0.0,0.0,0.0,0.0,0.0,0.0,0.0,0.0,0.0,0.0,0.0,0.0,0.0,0.0,0.0,0.0,0.0,0.0,0.0,0.0,0.0,0.0,0.0,0.0,0.0,0.0,0.0,0.0,0.0,0.0,0.0,0.0,0.0,0.0,0.0,0.0,0.0,0.0,0.0,0.0,0.0,0.0,0.0,0.0,0.0,0.0,0.0,-0.03082593051087204,-0.06616929918725156,-0.10483217958327981,-0.145464275619799,-0.18660700479582287,-0.22674284679005413,-0.264348374889817,-0.2979491944211049,-0.326174873217533,-0.3478118716429468,-0.3618524695849763,-0.36753774901523817,-0.364392824804127,-0.35225272270991637,-0.33127757850560346,-0.30195617010867876,-0.2650971867614954,-0.2218080746589121,-0.1734617634605249,-0.12165205729320659,-0.06813894986332347,-0.014785577626787352,0.0365110615983274,
0.0,0.0,0.0,0.0,0.0,0.0,0.0,0.0,0.0,0.0,0.0,0.0,0.0,0.0,0.0,0.0,0.0,0.0,0.0,0.0,0.0,0.0,0.0,0.0,0.0,0.0,0.0,0.0,0.0,0.0,0.0,0.0,0.0,0.0,0.0,0.0,0.0,0.0,0.0,0.0,0.0,0.0,0.0,0.0,0.0,0.0,0.0,0.0,0.0,0.0,0.0,0.0,0.0,0.0,0.0,0.0,0.0,0.0,0.0,0.0,0.0,0.0,0.0,0.0,0.0,0.0,0.0,0.0,0.0,0.0,0.0,0.0,0.0,0.0,0.0,0.0,0.0,0.0,0.0,0.0,0.0,0.0,0.0,0.0,0.0,0.0,0.0,0.0,0.0,0.0,0.0,0.0,0.0,0.0,0.0,0.0,0.0,0.0,0.0,0.0,
0.0,0.0,0.0,0.0,0.0,0.0,0.0,0.0,0.0,0.0,0.0,0.0,0.0,0.0,0.0,0.0,0.0,0.0,0.0,0.0,0.0,0.0,0.0,0.0,0.0,0.0,0.0,0.0,0.0,0.0,0.0,0.0,0.0,0.0,0.0,0.0,0.0,0.0,0.0,0.0,0.0,0.0,0.0,0.0,0.0,0.0,0.0,0.0,0.0,0.0,0.0,0.0,-0.03541437816257326,-0.08192434165157417,-0.13840253776282785,-0.20326208076277194,-0.27447845304280716,-0.34962900673187086,-0.42595073589576316,-0.5004165630719442,-0.5698298780187604,-0.6309364613164306,-0.6805521940727125,-0.7157040643671135,-0.7337808946851556,-0.7326888992411889,-0.7110056184828926,-0.6681239893560584,-0.6043763793086593,-0.5211265284722746,-0.42081584008452133,-0.30694983627157707,-0.18401151726779844,-0.05729156993204362,0.06736849134381959,0.18391484874279485,0.28648415507501057,0.4174925266519125,0.5495542622755522,0.6763396811403981,0.7917125215949615,0.8900848371276193,0.9667336112409011,1.0180599801912629,1.0417771223579317,1.0370185345820033,1.0043640117601393,0.9457857448337045,0.8645212719953222,0.7648834191767593,0.6520198255895787,0.5316362253159207,0.40969844758184104,0.29212822064116795,0.18450742317956642,0.09180450852261868,0.018135492485291504,-0.033429813595774516,-0.06100769931804595,-0.06398033356073812,
0.0,0.0,0.0,0.0,0.0,0.0,0.0,0.0,0.0,0.0,0.0,0.0,0.0,0.0,0.0,0.0,0.0,0.0,0.0,0.0,0.0,0.0,0.0,0.0,0.0,0.0,0.0,0.0,0.0,0.0,0.0,0.0,0.0,0.0,0.0,0.0,0.0,0.0,0.0,0.0,0.0,0.0,0.0,0.0,0.0,0.0,0.0,0.0,0.0,0.0,0.0,0.0,0.0,0.0,0.0,0.0,0.0,0.0,0.0,0.0,0.0,0.0,0.0,0.0,0.0,0.0,0.0,0.0,0.0,0.0,0.0,0.0,0.0,0.0,0.0,0.0,0.0,0.0,0.0,0.0,0.0,0.0,0.0,0.0,0.0,0.0,0.0,0.0,0.0,0.0,0.0,0.0,0.0,0.0,0.0,0.0,0.0,0.0,0.0,0.0,
0.0,0.0,0.0,0.0,0.0,0.0,0.0,0.0,0.0,0.0,0.0,0.0,0.0,0.0,0.0,0.0,0.0,0.0,0.0,0.0,0.0,0.0,0.0,0.0,0.0,0.0,0.0,0.0,0.0,0.0,0.0,0.0,0.0,0.0,0.0,0.0,0.0,0.0,0.0,0.0,0.0,0.0,0.0,0.0,0.0,0.0,0.0,0.0,0.0,0.0,0.0,0.0,-0.036423381580334535,-0.0786995580012452,-0.1253540619788044,-0.17469734114434188,-0.22488267481848673,-0.2739724895736099,-0.32001076586928123,-0.3610988571254987,-0.395471764388839,-0.4215717433923688,-0.4381160818377726,-0.44415598387786703,-0.4391237409489829,-0.42286575149699845,-0.39565946768559423,-0.3582129783100607,-0.3116466600300709,-0.2574571132586172,-0.19746440876893195,-0.13374446670543835,-0.06854912988691418,-0.004217137376524863,0.05692028529403864,0.11263515805064128,0.16089558396623982,0.22593263116696838,0.29250892590392646,0.35833351170844996,0.4211418634544922,0.47877725763253887,0.5292672972982703,0.570893150298797,0.602249368721205,0.6222925154109029,0.6303772175448658,0.6262786853512752,0.6102011641402478,0.5827722182959376,0.5450231658388851,0.49835638142968075,0.4445005549947533,0.38545532430106577,0.3234269857399136,0.260757222516631,0.19984696894674722,0.14307765060476743,0.09273210108444646,0.05091745699930983,
0.0,0.0,0.0,0.0,0.0,0.0,0.0,0.0,0.0,0.0,0.0,0.0,0.0,0.0,0.0,0.0,0.0,0.0,0.0,0.0,0.0,0.0,0.0,0.0,0.0,0.0,0.0,0.0,0.0,0.0,0.0,0.0,0.0,0.0,0.0,0.0,0.0,0.0,0.0,0.0,0.0,0.0,0.0,0.0,0.0,0.0,0.0,0.0,0.0,0.0,0.0,0.0,0.0,0.0,0.0,0.0,0.0,0.0,0.0,0.0,0.0,0.0,0.0,0.0,0.0,0.0,0.0,0.0,0.0,0.0,0.0,0.0,0.0,0.0,0.0,0.0,0.0,0.0,0.0,0.0,0.0,0.0,0.0,0.0,0.0,0.0,0.0,0.0,0.0,0.0,0.0,0.0,0.0,0.0,0.0,0.0,0.0,0.0,0.0,0.0,
0.0,0.0,0.0,0.0,0.0,0.0,0.0,0.0,0.0,0.0,0.0,0.0,0.0,0.0,0.0,0.0,0.0,0.0,0.0,0.0,0.0,0.0,0.0,0.0,0.0,0.0,0.0,0.0,0.0,0.0,0.0,0.0,0.0,0.0,0.0,0.0,0.0,0.0,0.0,0.0,0.0,0.0,0.0,0.0,0.0,0.0,0.0,0.0,0.0,0.0,0.0,0.0,0.0,0.0,0.0,0.0,0.0,0.0,0.0,0.0,0.0,0.0,0.0,0.0,0.0,0.0,0.0,0.0,0.0,0.0,0.0,0.0,0.0,0.0,0.0,0.0,0.0,-0.03974351555351166,-0.08425763394817307,-0.13204694918397109,-0.18141159452731231,-0.23049157246145613,-0.2773246034184357,-0.31996485268683195,-0.35653539308355053,-0.3853026948262658,-0.4047500747481868,-0.4136472539985899,-0.4111130712629733,-0.39666839200152887,-0.37027635651760804,-0.3323673330821246,-0.28384629735846034,-0.22608085374339693,-0.16086875162126282,-0.0903845277967541,-0.01710581558678568,0.05627911882158438,0.12697995355275,0.19222521241169976,
0.0,0.0,0.0,0.0,0.0,0.0,0.0,0.0,0.0,0.0,0.0,0.0,0.0,0.0,0.0,0.0,0.0,0.0,0.0,0.0,0.0,0.0,0.0,0.0,0.0,0.0,0.0,0.0,0.0,0.0,0.0,0.0,0.0,0.0,0.0,0.0,0.0,0.0,0.0,0.0,0.0,0.0,0.0,0.0,0.0,0.0,0.0,0.0,0.0,0.0,0.0,0.0,0.0,0.0,0.0,0.0,0.0,0.0,0.0,0.0,0.0,0.0,0.0,0.0,0.0,0.0,0.0,0.0,0.0,0.0,0.0,0.0,0.0,0.0,0.0,0.0,0.0,0.0,0.0,0.0,0.0,0.0,0.0,0.0,0.0,0.0,0.0,0.0,0.0,0.0,0.0,0.0,0.0,0.0,0.0,0.0,0.0,0.0,0.0,0.0,
0.0,0.0,0.0,0.0,0.0,0.0,0.0,0.0,0.0,0.0,0.0,0.0,0.0,0.0,0.0,0.0,0.0,0.0,0.0,0.0,0.0,0.0,0.0,0.0,0.0,0.0,0.0,0.0,0.0,0.0,0.0,0.0,0.0,0.0,0.0,0.0,0.0,0.0,0.0,0.0,0.0,0.0,0.0,0.0,0.0,0.0,0.0,0.0,0.0,0.0,0.0,0.0,0.0,0.0,0.0,0.0,0.0,0.0,0.0,0.0,0.0,0.0,0.0,0.0,0.0,0.0,0.0,0.0,0.0,0.0,0.0,0.0,0.0,0.0,0.0,0.0,0.0,0.0,0.0,0.0,0.0,0.0,0.0,0.0,0.0,0.0,0.0,0.0,0.0,0.0,0.0,0.0,0.0,0.0,0.0,0.0,0.0,0.0,0.0,0.0,
0.0,0.0,0.0,0.0,0.0,0.0,0.0,0.0,0.0,0.0,0.0,0.0,0.0,0.0,0.0,0.0,0.0,0.0,0.0,0.0,0.0,0.0,0.0,0.0,0.0,0.0,0.0,0.0,0.0,0.0,0.0,0.0,0.0,0.0,0.0,0.0,0.0,0.0,0.0,0.0,0.0,0.0,0.0,0.0,0.0,0.0,0.0,0.0,0.0,0.0,0.0,0.0,-0.028310647677669512,-0.06006191212880147,-0.09416243062445752,-0.12941613693019727,-0.16456280489273922,-0.19832178344233203,-0.2294374113611436,-0.25672449761604377,-0.2791122073756673,-0.29568470870584235,-0.30571701187460326,-0.30870457138261587,-0.3043854170529606,-0.2927538291724121,-0.27406486591770696,-0.24882937921810255,-0.2177995061521526,-0.1819449839597332,-0.14242099390531554,-0.1005285783507386,-0.057668982513688516,-0.015293534353471389,0.02514911890359356,0.062266460698054776,0.09477422026722941,0.06480780764485825,0.03724915156556688,0.012912934708637969,-0.007457982376247729,-0.023212883120941885,-0.033811486308112704,-0.038839694695850635,-0.03802234540741406,-0.031232576370234327,-0.018497504256437702,-5.551115123125783E-17,0.023923554179602374,0.05278953968235839,0.08597731699958673,0.12274318615055317,0.16223779554482687,0.20352660780173656,0.24561294472380735,0.28746305828369934,0.32803261229382474,0.3662939122219565,0.4012631898669824,0.4320272363795397,
0.0,0.0,0.0,0.0,0.0,0.0,0.0,0.0,0.0,0.0,0.0,0.0,0.0,0.0,0.0,0.0,0.0,0.0,0.0,0.0,0.0,0.0,0.0,0.0,0.0,0.0,0.0,0.0,0.0,0.0,0.0,0.0,0.0,0.0,0.0,0.0,0.0,0.0,0.0,0.0,0.0,0.0,0.0,0.0,0.0,0.0,0.0,0.0,0.0,0.0,0.0,0.0,0.0,0.0,0.0,0.0,0.0,0.0,0.0,0.0,0.0,0.0,0.0,0.0,0.0,0.0,0.0,0.0,0.0,0.0,0.0,0.0,0.0,0.0,0.0,0.0,0.0,-0.03721090657178039,-0.08564753762825403,-0.14412302193180646,-0.2109781052360607,-0.28410096194924,-0.36096389472269025,-0.43867769553558467,-0.5140642004559837,-0.5837473127768364,-0.6442624785773295,-0.6921842408766294,-0.7242710147018032,-0.7376255232501712,-0.7298682804507701,-0.6993199172573555,-0.6451858109265972,-0.567733171592145,-0.4684463379750396,-0.350140648658421,-0.2170094926670678,-0.07457440338448704,0.07049322213394227,0.21070463548418705,
0.0,0.0,0.0,0.0,0.0,0.0,0.0,0.0,0.0,0.0,0.0,0.0,0.0,0.0,0.0,0.0,0.0,0.0,0.0,0.0,0.0,0.0,0.0,0.0,0.0,0.0,0.0,0.0,0.0,0.0,0.0,0.0,0.0,0.0,0.0,0.0,0.0,0.0,0.0,0.0,0.0,0.0,0.0,0.0,0.0,0.0,0.0,0.0,0.0,0.0,0.0,0.0,0.0,0.0,0.0,0.0,0.0,0.0,0.0,0.0,0.0,0.0,0.0,0.0,0.0,0.0,0.0,0.0,0.0,0.0,0.0,0.0,0.0,0.0,0.0,0.0,0.0,0.0,0.0,0.0,0.0,0.0,0.0,0.0,0.0,0.0,0.0,0.0,0.0,0.0,0.0,0.0,0.0,0.0,0.0,0.0,0.0,0.0,0.0,0.0,
0.0,0.0,0.0,0.0,0.0,0.0,0.0,0.0,0.0,0.0,0.0,0.0,0.0,0.0,0.0,0.0,0.0,0.0,0.0,0.0,0.0,0.0,0.0,0.0,0.0,0.0,0.0,0.0,0.0,0.0,0.0,0.0,0.0,0.0,0.0,0.0,0.0,0.0,0.0,0.0,0.0,0.0,0.0,0.0,0.0,0.0,0.0,0.0,0.0,0.0,0.0,0.0,0.0,0.0,0.0,0.0,0.0,0.0,0.0,0.0,0.0,0.0,0.0,0.0,0.0,0.0,0.0,0.0,0.0,0.0,0.0,0.0,0.0,0.0,0.0,0.0,0.0,0.0,0.0,0.0,0.0,0.0,0.0,0.0,0.0,0.0,0.0,0.0,0.0,0.0,0.0,0.0,0.0,0.0,0.0,0.0,0.0,0.0,0.0,0.0,
0.0,0.0,0.0,0.0,0.0,0.0,0.0,0.0,0.0,0.0,0.0,0.0,0.0,0.0,0.0,0.0,0.0,0.0,0.0,0.0,0.0,0.0,0.0,0.0,0.0,0.0,0.0,0.0,0.0,0.0,0.0,0.0,0.0,0.0,0.0,0.0,0.0,0.0,0.0,0.0,0.0,0.0,0.0,0.0,0.0,0.0,0.0,0.0,0.0,0.0,0.0,0.0,0.0,0.0,0.0,0.0,0.0,0.0,0.0,0.0,0.0,0.0,0.0,0.0,0.0,0.0,0.0,0.0,0.0,0.0,0.0,0.0,0.0,0.0,0.0,0.0,0.0,0.0,0.0,0.0,0.0,0.0,0.0,0.0,0.0,0.0,0.0,0.0,0.0,0.0,0.0,0.0,0.0,0.0,0.0,0.0,0.0,0.0,0.0,0.0,
0.0,0.0,0.0,0.0,0.0,0.0,0.0,0.0,0.0,0.0,0.0,0.0,0.0,0.0,0.0,0.0,0.0,0.0,0.0,0.0,0.0,0.0,0.0,0.0,0.0,0.0,0.0,0.0,0.0,0.0,0.0,0.0,0.0,0.0,0.0,0.0,0.0,0.0,0.0,0.0,0.0,0.0,0.0,0.0,0.0,0.0,0.0,0.0,0.0,0.0,0.0,0.0,0.0,0.0,0.0,0.0,0.0,0.0,0.0,0.0,0.0,0.0,0.0,0.0,0.0,0.0,0.0,0.0,0.0,0.0,0.0,0.0,0.0,0.0,0.0,0.0,0.0,0.0,0.0,0.0,0.0,0.0,0.0,0.0,0.0,0.0,0.0,0.0,0.0,0.0,0.0,0.0,0.0,0.0,0.0,0.0,0.0,0.0,0.0,0.0,
0.0,0.0,0.0,0.0,0.0,0.0,0.0,0.0,0.0,0.0,0.0,0.0,0.0,0.0,0.0,0.0,0.0,0.0,0.0,0.0,0.0,0.0,0.0,0.0,0.0,0.0,0.0,0.0,0.0,0.0,0.0,0.0,0.0,0.0,0.0,0.0,0.0,0.0,0.0,0.0,0.0,0.0,0.0,0.0,0.0,0.0,0.0,0.0,0.0,0.0,0.0,0.0,0.0,0.0,0.0,0.0,0.0,0.0,0.0,0.0,0.0,0.0,0.0,0.0,0.0,0.0,0.0,0.0,0.0,0.0,0.0,0.0,0.0,0.0,0.0,0.0,0.0,-0.037680301258478155,-0.0901424931621107,-0.15657204881219244,-0.23552723013419538,-0.32490655555600045,-0.4219269126492433,-0.5231136939252483,-0.6243051309055333,-0.7206746115644558,-0.8067776967758166,-0.8766355254178366,-0.9238742218796125,-0.941951613861686,-0.9245178956107638,-0.865972620420636,-0.7622861616912997,-0.6121260993543912,-0.41822882472795353,-0.18874543353243017,0.06201089899865442,0.3142068593298243,0.5451027277489707,0.7333535959330737,
0.0,0.0,0.0,0.0,0.0,0.0,0.0,0.0,0.0,0.0,0.0,0.0,0.0,0.0,0.0,0.0,0.0,0.0,0.0,0.0,0.0,0.0,0.0,0.0,0.0,0.0,0.0,0.0,0.0,0.0,0.0,0.0,0.0,0.0,0.0,0.0,0.0,0.0,0.0,0.0,0.0,0.0,0.0,0.0,0.0,0.0,0.0,0.0,0.0,0.0,0.0,0.0,0.0,0.0,0.0,0.0,0.0,0.0,0.0,0.0,0.0,0.0,0.0,0.0,0.0,0.0,0.0,0.0,0.0,0.0,0.0,0.0,0.0,0.0,0.0,0.0,0.0,-0.07150824766729341,-0.14979414600723429,-0.23140778600163342,-0.31259435974272787,-0.3894383657181055,-0.45802861515470067,-0.5146385099342924,-0.5559141007211894,-0.5790605039659352,-0.5820155732023015,-0.5635985569392999,-0.5236211407943473,-0.4629490643729067,-0.3835046501543198,-0.28820416195507936,-0.18082878926303644,-0.06583384119630623,0.051893203283434775,0.16730960627240254,0.27550888825389674,0.3720044928175508,0.4529835140219189,0.5155112683028951,
0.0,0.0,0.0,0.0,0.0,0.0,0.0,0.0,0.0,0.0,0.0,0.0,0.0,0.0,0.0,0.0,0.0,0.0,0.0,0.0,0.0,0.0,0.0,0.0,0.0,0.0,0.0,0.0,0.0,0.0,0.0,0.0,0.0,0.0,0.0,0.0,0.0,0.0,0.0,0.0,0.0,0.0,0.0,0.0,0.0,0.0,0.0,0.0,0.0,0.0,0.0,0.0,-0.026226908693236517,-0.056473546782884465,-0.09021577343148768,-0.1265536009666256,-0.16419813702921293,-0.20148997750956837,-0.2364500216736367,-0.2668330068537367,-0.2900721206653345,-0.3034608919500683,-0.3043053201494612,-0.2901156186811386,-0.2588444225594989,-0.20919988839873072,-0.14116070699732208,-0.05737543729843597,0.029059049485700816,2.220446049250313E-16,-0.28589292500028285,-0.4043049128060963,-0.48703409232460176,-0.5489457202710998,-0.5901280770633412,-0.6101091610636687,-0.6091703685029938,-0.5885689180082239,-0.5505354223900987,-0.49815253781977775,-0.4351364280346811,-0.36554154643433134,-0.2934221547499665,-0.22249571646612387,-0.15585688481297882,-0.0957832432254202,-0.043656460888171544,0.0,0.035386541175072006,0.06323052851829791,0.0845657328440591,0.10052326327241634,0.11215977794028859,0.12033730592976807,0.12565837482224806,0.1284520025501053,0.12880101022642268,0.12659877048622573,0.12162325811042995,0.1136173760450109,
0.0,0.0,0.0,0.0,0.0,0.0,0.0,0.0,0.0,0.0,0.0,0.0,0.0,0.0,0.0,0.0,0.0,0.0,0.0,0.0,0.0,0.0,0.0,0.0,0.0,0.0,0.0,0.0,0.0,0.0,0.0,0.0,0.0,0.0,0.0,0.0,0.0,0.0,0.0,0.0,0.0,0.0,0.0,0.0,0.0,0.0,0.0,0.0,0.0,0.0,0.0,0.0,0.0,0.0,0.0,0.0,0.0,0.0,0.0,0.0,0.0,0.0,0.0,0.0,0.0,0.0,0.0,0.0,0.0,0.0,0.0,0.0,0.0,0.0,0.0,0.0,0.0,0.0,0.0,0.0,0.0,0.0,0.0,0.0,0.0,0.0,0.0,0.0,0.0,0.0,0.0,0.0,0.0,0.0,0.0,0.0,0.0,0.0,0.0,0.0,
0.0,0.0,0.0,0.0,0.0,0.0,0.0,0.0,0.0,0.0,0.0,0.0,0.0,0.0,0.0,0.0,0.0,0.0,0.0,0.0,0.0,0.0,0.0,0.0,0.0,0.0,0.0,0.04315357066516998,0.0921484508883671,0.14557465157256505,0.2018661309232135,0.2593428727884252,0.31625739061883373,0.37084449643771455,0.42137304555054844,0.46619826794439223,0.5038132297318262,0.532897935208251,0.5523645840052275,0.5613975395493029,0.5594866448917577,0.5464526394838152,0.522463584393102,0.48804139183494555,0.4440577751277517,0.39171918412239287,0.332540565196215,0.2683080800927429,0.20103123003549417,0.13304457371102413,0.066786576643142,0.004565937396012493,-0.0038205363521236213,-0.013726682970277515,-0.024312547032972903,-0.03465915435997488,-0.043815547784139736,-0.05084897474606356,-0.05489593001204432,-0.05521164436442985,-0.05121560572641681,-0.042530806685338596,-0.029014630447712075,-0.010779609289553627,0.011797296208832686,0.0380777589689516,0.06717780520190486,0.09799593314348287,0.12925279072057005,0.15954101318812475,0.1873833115689079,0.21129646629745527,0.229858539925117,0.24177639611826507,0.2459505124740377,0.24153410912528778,0.22798378474714742,0.30624930956659885,0.38560173682827126,0.4634918098017068,0.5374398193463205,0.6051124510750749,0.6643935839271335,0.7134472925605518,0.7507715549998818,0.7752414412497639,0.7861408525101599,0.7831821881346656,0.766513632139077,0.7367140662500399,0.6947759254669389,0.6420766082617078,0.5803393304725433,0.5115845636708537,0.43807341985850656,0.36224453003300494,0.28664611049677274,0.2138650147453905,0.14645462829624634,0.08686347790171856,
0.0,0.0,0.0,0.0,0.0,0.0,0.0,0.0,0.0,0.0,0.0,0.0,0.0,0.0,0.0,0.0,0.0,0.0,0.0,0.0,0.0,0.0,0.0,0.0,0.0,0.0,0.0,0.0,0.0,0.0,0.0,0.0,0.0,0.0,0.0,0.0,0.0,0.0,0.0,0.0,0.0,0.0,0.0,0.0,0.0,0.0,0.0,0.0,0.0,0.0,0.0,0.0,0.0032618144343090627,-1.9709415963545251E-4,-0.010279638556555448,-0.026700428262526332,-0.04899380895975611,-0.07652687682994366,-0.10851711764365257,-0.1440541964742464,-0.18212531216605166,-0.22164343422957233,-0.26147766123375654,-0.30048488113934146,-0.33754187697448557,-0.3715770068399585,-0.4016005959015898,-0.42673320963354155,-0.44623103136535314,-0.45950764182111126,-0.4661515919300859,-0.46593927033885596,-0.45884269092462254,-0.44503195998545353,-0.42487232416365234,-0.3989158448427569,-0.3678063898842585,-0.40565581837422865,-0.4389300408751027,-0.46656328126784363,-0.4876509531508424,-0.5014808705111661,-0.5075588803852119,-0.5056280110061795,-0.495680419413068,-0.477961639056074,-0.4529668641411536,-0.4214292561344591,-0.3843005112906237,-0.3427241782821303,-0.2980024539543049,-0.25155740509147245,-0.20488775750354823,-0.15952255409110142,-0.11697310512147505,-0.07868473218781127,-0.04598983897051745,-0.02006382515352212,-0.00188529435967133,0.007798105990321047,
0.0,0.0,0.0,0.0,0.0,0.0,0.0,0.0,0.0,0.0,0.0,0.0,0.0,0.0,0.0,0.0,0.0,0.0,0.0,0.0,0.0,0.0,0.0,0.0,0.0,0.0,0.0,0.0,0.0,0.0,0.0,0.0,0.0,0.0,0.0,0.0,0.0,0.0,0.0,0.0,0.0,0.0,0.0,0.0,0.0,0.0,0.0,0.0,0.0,0.0,0.0,0.0,0.0,0.0,0.0,0.0,0.0,0.0,0.0,0.0,0.0,0.0,0.0,0.0,0.0,0.0,0.0,0.0,0.0,0.0,0.0,0.0,0.0,0.0,0.0,0.0,0.0,0.0,0.0,0.0,0.0,0.0,0.0,0.0,0.0,0.0,0.0,0.0,0.0,0.0,0.0,0.0,0.0,0.0,0.0,0.0,0.0,0.0,0.0,0.0,
0.0,0.0,0.0,0.0,0.0,0.0,0.0,0.0,0.0,0.0,0.0,0.0,0.0,0.0,0.0,0.0,0.0,0.0,0.0,0.0,0.0,0.0,0.0,0.0,0.0,0.0,0.0,0.037439370408583944,0.07816186445996129,0.12096737727073885,0.1645422995352948,0.20749526365340581,0.248400929351593,0.2858506815398164,0.3185081669246565,0.3451666947658769,0.36480482579765405,0.37663612350423403,0.38014915645777725,0.3751344593436427,0.36169623066526757,0.34024792316076763,0.3114923607851986,0.2763883665803814,0.2361069124671722,0.19198037955051905,0.14544861115547103,0.09800510212842803,0.05114601149590764,0.006410584104370426,-0.03476555268597946,-0.07115435047875403,-0.03634484494906856,-0.005421567434416935,0.02070438328932131,0.04125572423544693,0.05561133915422095,0.06332427824784392,0.06413487745288474,0.05797860492230522,0.04498839107785907,0.02549135504721503,5.551115123125783E-17,-0.030801891715627777,-0.06607828021689163,-0.10486428085923512,-0.14609331468215317,-0.18862723344644977,-0.23128856798124342,-0.2728939844304377,-0.3122879948962687,-0.3483759581450257,-0.38015542290854043,-0.40674491052703765,-0.4274093040839019,-0.4415811058661903,-0.44887694131904254,-0.4710167157208922,-0.48568076063317434,-0.49240092339361685,-0.4909806983589363,-0.4814995992143617,-0.4643075512259896,-0.4400096874759552,-0.4094422901081396,-0.373640934307743,-0.3338021578025168,-0.2912401835611882,-0.2473403625213244,-0.2035110740804735,-0.1611358251317154,-0.12152722671497188,-0.08588440635464994,-0.05525524129801204,-0.09721457387787463,-0.09061081325146408,-0.07207051467644504,-0.04170509933734817,-1.1102230246251565E-16,0.05217747523843547,
0.0,0.0,0.0,0.0,0.0,0.0,0.0,0.0,0.0,0.0,0.0,0.0,0.0,0.0,0.0,0.0,0.0,0.0,0.0,0.0,0.0,0.0,0.0,0.0,0.0,0.0,0.0,-0.04786350747460376,-0.09784070195937435,-0.1484235209725005,-0.19805555299276237,-0.24517844074068673,-0.28827972204220353,-0.32594070666013053,-0.35688292727388016,-0.3800116826087508,-0.3944552132606384,-0.3995981177579591,-0.3951077285115884,-0.3809523240392426,-0.3574102535126228,-0.3250692893005179,-0.2848157985111231,-0.23781363000648395,-0.18547294210458462,-0.1294095400612375,-0.07139564207786198,-0.013303337523223172,0.04295767021110096,0.09535710295631468,0.1420121578309883,0.1813616072265885,0.2396420083879143,0.2985776694497103,0.3562770837542669,0.410898632841071,0.46070880539163733,0.5041362604987665,0.5398202475880503,0.566652083790609,0.5838086067164268,0.5907767606224923,0.5873687307005312,0.5737273071226124,0.5503214309232114,0.5179321411013186,0.4776293999781846,0.4307405156209681,0.37881110025258347,0.32355969679770114,0.2668273675414734,0.21052366557726881,0.1565704984538787,0.10684544231342274,0.06312607294373196,0.02703684766985759,0.0,0.0,0.0,0.0,0.0,0.0,0.0,0.0,0.0,0.0,0.0,0.0,0.0,0.0,0.0,0.0,0.0,0.0,0.0,0.0,0.0,0.0,0.0,0.0,
0.0,0.0,0.0,0.0,0.0,0.0,0.0,0.0,0.0,0.0,0.0,0.0,0.0,0.0,0.0,0.0,0.0,0.0,0.0,0.0,0.0,0.0,0.0,0.0,0.0,0.0,0.0,0.0,0.0,0.0,0.0,0.0,0.0,0.0,0.0,0.0,0.0,0.0,0.0,0.0,0.0,0.0,0.0,0.0,0.0,0.0,0.0,0.0,0.0,0.0,0.0,0.0,0.0,0.0,0.0,0.0,0.0,0.0,0.0,0.0,0.0,0.0,0.0,0.0,0.0,0.0,0.0,0.0,0.0,0.0,0.0,0.0,0.0,0.0,0.0,0.0,0.0,0.0,0.0,0.0,0.0,0.0,0.0,0.0,0.0,0.0,0.0,0.0,0.0,0.0,0.0,0.0,0.0,0.0,0.0,0.0,0.0,0.0,0.0,0.0,
0.0,0.0,0.0,0.0,0.0,0.0,0.0,0.0,0.0,0.0,0.0,0.0,0.0,0.0,0.0,0.0,0.0,0.0,0.0,0.0,0.0,0.0,0.0,0.0,0.0,0.0,0.0,0.0,0.0,0.0,0.0,0.0,0.0,0.0,0.0,0.0,0.0,0.0,0.0,0.0,0.0,0.0,0.0,0.0,0.0,0.0,0.0,0.0,0.0,0.0,0.0,0.0,0.0,0.0,0.0,0.0,0.0,0.0,0.0,0.0,0.0,0.0,0.0,0.0,0.0,0.0,0.0,0.0,0.0,0.0,0.0,0.0,0.0,0.0,0.0,0.0,0.0,-0.040088972065345216,-0.08557498972845498,-0.13474362115785807,-0.1856738494160269,-0.23630887358190025,-0.28453554548551174,-0.32826939531396093,-0.36554176826207935,-0.3945853018534311,-0.4139138464109098,-0.4223929895934854,-0.4192976013282847,-0.4043532686753012,-0.3777591301693194,-0.3401904226619876,-0.2927799853463377,-0.23707897958110635,-0.17499812515127863,-0.10873176444173593,-0.04066798523018914,0.026711196887611657,0.09093502391854166,0.14964964200671335,
0.0,0.0,0.0,0.0,0.0,0.0,0.0,0.0,0.0,0.0,0.0,0.0,0.0,0.0,0.0,0.0,0.0,0.0,0.0,0.0,0.0,0.0,0.0,0.0,0.0,0.0,0.0,0.0,0.0,0.0,0.0,0.0,0.0,0.0,0.0,0.0,0.0,0.0,0.0,0.0,0.0,0.0,0.0,0.0,0.0,0.0,0.0,0.0,0.0,0.0,0.0,0.0,0.0,0.0,0.0,0.0,0.0,0.0,0.0,0.0,0.0,0.0,0.0,0.0,0.0,0.0,0.0,0.0,0.0,0.0,0.0,0.0,0.0,0.0,0.0,0.0,0.0,0.0,0.0,0.0,0.0,0.0,0.0,0.0,0.0,0.0,0.0,0.0,0.0,0.0,0.0,0.0,0.0,0.0,0.0,0.0,0.0,0.0,0.0,0.0,
0.0,0.0,0.0,0.0,0.0,0.0,0.0,0.0,0.0,0.0,0.0,0.0,0.0,0.0,0.0,0.0,0.0,0.0,0.0,0.0,0.0,0.0,0.0,0.0,0.0,0.0,0.0,0.0,0.0,0.0,0.0,0.0,0.0,0.0,0.0,0.0,0.0,0.0,0.0,0.0,0.0,0.0,0.0,0.0,0.0,0.0,0.0,0.0,0.0,0.0,0.0,0.0,0.0,0.0,0.0,0.0,0.0,0.0,0.0,0.0,0.0,0.0,0.0,0.0,0.0,0.0,0.0,0.0,0.0,0.0,0.0,0.0,0.0,0.0,0.0,0.0,0.0,0.0,0.0,0.0,0.0,0.0,0.0,0.0,0.0,0.0,0.0,0.0,0.0,0.0,0.0,0.0,0.0,0.0,0.0,0.0,0.0,0.0,0.0,0.0,
0.0,0.0,0.0,0.0,0.0,0.0,0.0,0.0,0.0,0.0,0.0,0.0,0.0,0.0,0.0,0.0,0.0,0.0,0.0,0.0,0.0,0.0,0.0,0.0,0.0,0.0,0.0,0.0,0.0,0.0,0.0,0.0,0.0,0.0,0.0,0.0,0.0,0.0,0.0,0.0,0.0,0.0,0.0,0.0,0.0,0.0,0.0,0.0,0.0,0.0,0.0,0.0,0.0,0.0,0.0,0.0,0.0,0.0,0.0,0.0,0.0,0.0,0.0,0.0,0.0,0.0,0.0,0.0,0.0,0.0,0.0,0.0,0.0,0.0,0.0,0.0,0.0,0.0,0.0,0.0,0.0,0.0,0.0,0.0,0.0,0.0,0.0,0.0,0.0,0.0,0.0,0.0,0.0,0.0,0.0,0.0,0.0,0.0,0.0,0.0,
0.0,0.0,0.0,0.0,0.0,0.0,0.0,0.0,0.0,0.0,0.0,0.0,0.0,0.0,0.0,0.0,0.0,0.0,0.0,0.0,0.0,0.0,0.0,0.0,0.0,0.0,0.0,0.0,0.0,0.0,0.0,0.0,0.0,0.0,0.0,0.0,0.0,0.0,0.0,0.0,0.0,0.0,0.0,0.0,0.0,0.0,0.0,0.0,0.0,0.0,0.0,0.0,-0.017986437282865086,-0.05027919907147571,-0.0970134856636567,-0.15788775028223068,-0.23213955337431322,-0.3185299610826374,-0.41533640468683825,-0.5203533921235267,-0.6308998049666219,-0.7438306740892429,-0.855550227170502,-0.9620215275331709,-1.058766023702069,-1.1408436388910936,-1.2028006116177998,-1.2385687190472052,-1.24129844245431,-1.203119286220346,-1.1148711306553998,-0.9660208039183797,-0.745464135156283,-0.44505514731901424,-0.06935636443463994,0.34659795893287054,0.7256304319519126,1.1154011849679044,1.3000733342876396,1.2799801258815697,1.110660621333086,0.8563710844050085,0.5673543043604321,0.27707629509504406,0.006175967096856805,-0.23330635772541913,-0.4352897379222084,-0.5975029126954475,-0.7201735622391532,-0.8053244333938273,-0.8556493907290093,-0.8741318739724959,-0.8638986772202792,-0.828139542373604,-0.7700662047365945,-0.6929134749862151,-0.5999989774810216,-0.49460507897092476,-0.3799674708519802,-0.25927161120078995,
0.0,0.0,0.0,0.0,0.0,0.0,0.0,0.0,0.0,0.0,0.0,0.0,0.0,0.0,0.0,0.0,0.0,0.0,0.0,0.0,0.0,0.0,0.0,0.0,0.0,0.0,0.0,0.0,0.0,0.0,0.0,0.0,0.0,0.0,0.0,0.0,0.0,0.0,0.0,0.0,0.0,0.0,0.0,0.0,0.0,0.0,0.0,0.0,0.0,0.0,0.0,0.0,0.0,0.0,0.0,0.0,0.0,0.0,0.0,0.0,0.0,0.0,0.0,0.0,0.0,0.0,0.0,0.0,0.0,0.0,0.0,0.0,0.0,0.0,0.0,0.0,0.0,0.0,0.0,0.0,0.0,0.0,0.0,0.0,0.0,0.0,0.0,0.0,0.0,0.0,0.0,0.0,0.0,0.0,0.0,0.0,0.0,0.0,0.0,0.0,
0.0,0.0,0.0,0.0,0.0,0.0,0.0,0.0,0.0,0.0,0.0,0.0,0.0,0.0,0.0,0.0,0.0,0.0,0.0,0.0,0.0,0.0,0.0,0.0,0.0,0.0,0.0,0.0,0.0,0.0,0.0,0.0,0.0,0.0,0.0,0.0,0.0,0.0,0.0,0.0,0.0,0.0,0.0,0.0,0.0,0.0,0.0,0.0,0.0,0.0,0.0,0.0,0.0,0.0,0.0,0.0,0.0,0.0,0.0,0.0,0.0,0.0,0.0,0.0,0.0,0.0,0.0,0.0,0.0,0.0,0.0,0.0,0.0,0.0,0.0,0.0,0.0,0.0,0.0,0.0,0.0,0.0,0.0,0.0,0.0,0.0,0.0,0.0,0.0,0.0,0.0,0.0,0.0,0.0,0.0,0.0,0.0,0.0,0.0,0.0,
0.0,0.0,0.0,0.0,0.0,0.0,0.0,0.0,0.0,0.0,0.0,0.0,0.0,0.0,0.0,0.0,0.0,0.0,0.0,0.0,0.0,0.0,0.0,0.0,0.0,0.0,0.0,0.0,0.0,0.0,0.0,0.0,0.0,0.0,0.0,0.0,0.0,0.0,0.0,0.0,0.0,0.0,0.0,0.0,0.0,0.0,0.0,0.0,0.0,0.0,0.0,0.0,0.0,0.0,0.0,0.0,0.0,0.0,0.0,0.0,0.0,0.0,0.0,0.0,0.0,0.0,0.0,0.0,0.0,0.0,0.0,0.0,0.0,0.0,0.0,0.0,0.0,0.0,0.0,0.0,0.0,0.0,0.0,0.0,0.0,0.0,0.0,0.0,0.0,0.0,0.0,0.0,0.0,0.0,0.0,0.0,0.0,0.0,0.0,0.0,
0.0,0.0,0.0,0.0,0.0,0.0,0.0,0.0,0.0,0.0,0.0,0.0,0.0,0.0,0.0,0.0,0.0,0.0,0.0,0.0,0.0,0.0,0.0,0.0,0.0,0.0,0.0,0.0,0.0,0.0,0.0,0.0,0.0,0.0,0.0,0.0,0.0,0.0,0.0,0.0,0.0,0.0,0.0,0.0,0.0,0.0,0.0,0.0,0.0,0.0,0.0,0.0,0.0,0.0,0.0,0.0,0.0,0.0,0.0,0.0,0.0,0.0,0.0,0.0,0.0,0.0,0.0,0.0,0.0,0.0,0.0,0.0,0.0,0.0,0.0,0.0,0.0,0.07603067473639674,0.1611295984487345,0.25169238504520036,0.34370160868687993,0.4328704333825355,0.514808467108221,0.5852051632063345,0.6400247192647219,0.6757050355352546,0.689351958384858,0.6789188468978049,0.6433605959034061,0.5827507966612249,0.4983509182041789,0.392621462290971,0.2691671791558863,0.13261176092041965,-0.011598037239938764,-0.15745333585705323,0.3569543104930037,0.35147649551648075,0.34084673865538173,0.3253533410258683,
0.0,0.0,0.0,0.0,0.0,0.0,0.0,0.0,0.0,0.0,0.0,0.0,0.0,0.0,0.0,0.0,0.0,0.0,0.0,0.0,0.0,0.0,0.0,0.0,0.0,0.0,0.0,0.0,0.0,0.0,0.0,0.0,0.0,0.0,0.0,0.0,0.0,0.0,0.0,0.0,0.0,0.0,0.0,0.0,0.0,0.0,0.0,0.0,0.0,0.0,0.0,0.0,0.0,0.0,0.0,0.0,0.0,0.0,0.0,0.0,0.0,0.0,0.0,0.0,0.0,0.0,0.0,0.0,0.0,0.0,0.0,0.0,0.0,0.0,0.0,0.0,0.0,0.0,0.0,0.0,0.0,0.0,0.0,0.0,0.0,0.0,0.0,0.0,0.0,0.0,0.0,0.0,0.0,0.0,0.0,0.0,0.0,0.0,0.0,0.0,
0.0,0.0,0.0,0.0,0.0,0.0,0.0,0.0,0.0,0.0,0.0,0.0,0.0,0.0,0.0,0.0,0.0,0.0,0.0,0.0,0.0,0.0,0.0,0.0,0.0,0.0,0.0,0.0,0.0,0.0,0.0,0.0,0.0,0.0,0.0,0.0,0.0,0.0,0.0,0.0,0.0,0.0,0.0,0.0,0.0,0.0,0.0,0.0,0.0,0.0,0.0,0.0,0.0,0.0,0.0,0.0,0.0,0.0,0.0,0.0,0.0,0.0,0.0,0.0,0.0,0.0,0.0,0.0,0.0,0.0,0.0,0.0,0.0,0.0,0.0,0.0,0.0,0.0,0.0,0.0,0.0,0.0,0.0,0.0,0.0,0.0,0.0,0.0,0.0,0.0,0.0,0.0,0.0,0.0,0.0,0.0,0.0,0.0,0.0,0.0,
0.0,0.0,0.0,0.0,0.0,0.0,0.0,0.0,0.0,0.0,0.0,0.0,0.0,0.0,0.0,0.0,0.0,0.0,0.0,0.0,0.0,0.0,0.0,0.0,0.0,0.0,0.0,0.0,0.0,0.0,0.0,0.0,0.0,0.0,0.0,0.0,0.0,0.0,0.0,0.0,0.0,0.0,0.0,0.0,0.0,0.0,0.0,0.0,0.0,0.0,0.0,0.0,0.0,0.0,0.0,0.0,0.0,0.0,0.0,0.0,0.0,0.0,0.0,0.0,0.0,0.0,0.0,0.0,0.0,0.0,0.0,0.0,0.0,0.0,0.0,0.0,0.0,-0.04331815166388528,-0.09621450503527748,-0.15697505443144166,-0.2234457230642843,-0.2930833939883673,-0.363027080416196,-0.4301889638024551,-0.4913642803296026,-0.5433581556393423,-0.5831264579863638,-0.6079265511485609,-0.6154724836749911,-0.6040876789816445,-0.5728466609640315,-0.5216958909621009,-0.4515426096080541,-0.36429996380236107,-0.2628770271381311,-0.1511040066759456,-0.03358634951709276,0.08451316072571109,0.197757989161132,0.30077224545999665,
0.0,0.0,0.0,0.0,0.0,0.0,0.0,0.0,0.0,0.0,0.0,0.0,0.0,0.0,0.0,0.0,0.0,0.0,0.0,0.0,0.0,0.0,0.0,0.0,0.0,0.0,0.0,0.0,0.0,0.0,0.0,0.0,0.0,0.0,0.0,0.0,0.0,0.0,0.0,0.0,0.0,0.0,0.0,0.0,0.0,0.0,0.0,0.0,0.0,0.0,0.0,0.0,-0.036536781611191504,-0.08661056444312243,-0.14926471850115164,-0.22296412425836573,-0.30558787599532805,-0.3944399774663968,-0.48628059307964006,-0.5773807294468956,-0.6636036440020944,-0.7405167817614651,-0.8035385344835073,-0.8481243884915755,-0.8699966817696639,-0.8654205622365008,-0.8315248304295987,-0.7666588681854445,-0.6707644907823775,-0.545723716337815,-0.3956215748425068,-0.22684244859919767,-0.04790936457511416,0.13100779821505687,0.29893537622701405,0.4452206534723399,0.5607666443353152,0.7224281872521463,0.8687783812541363,0.9912019307256632,1.0830844356367484,1.140138296333884,1.1604811838378941,1.1445121430627667,1.0946423083197006,1.0149359052100633,0.9107083638494211,0.7881168852608511,0.6537678855225291,0.5143569221718948,0.3763503321145724,0.24571357840069924,0.12768866716147753,0.02662140073358299,-0.05416177465122185,-0.11242831024926925,-0.14706714650260816,-0.15807173495279508,-0.14648166612618352,-0.11428694150950908,
0.0,0.0,0.0,0.0,0.0,0.0,0.0,0.0,0.0,0.0,0.0,0.0,0.0,0.0,0.0,0.0,0.0,0.0,0.0,0.0,0.0,0.0,0.0,0.0,0.0,0.0,0.0,0.0,0.0,0.0,0.0,0.0,0.0,0.0,0.0,0.0,0.0,0.0,0.0,0.0,0.0,0.0,0.0,0.0,0.0,0.0,0.0,0.0,0.0,0.0,0.0,0.0,0.0,0.0,0.0,0.0,0.0,0.0,0.0,0.0,0.0,0.0,0.0,0.0,0.0,0.0,0.0,0.0,0.0,0.0,0.0,0.0,0.0,0.0,0.0,0.0,0.0,0.0,0.0,0.0,0.0,0.0,0.0,0.0,0.0,0.0,0.0,0.0,0.0,0.0,0.0,0.0,0.0,0.0,0.0,0.0,0.0,0.0,0.0,0.0,
0.0,0.0,0.0,0.0,0.0,0.0,0.0,0.0,0.0,0.0,0.0,0.0,0.0,0.0,0.0,0.0,0.0,0.0,0.0,0.0,0.0,0.0,0.0,0.0,0.0,0.0,0.0,0.0,0.0,0.0,0.0,0.0,0.0,0.0,0.0,0.0,0.0,0.0,0.0,0.0,0.0,0.0,0.0,0.0,0.0,0.0,0.0,0.0,0.0,0.0,0.0,0.0,0.0,0.0,0.0,0.0,0.0,0.0,0.0,0.0,0.0,0.0,0.0,0.0,0.0,0.0,0.0,0.0,0.0,0.0,0.0,0.0,0.0,0.0,0.0,0.0,0.0,0.0,0.0,0.0,0.0,0.0,0.0,0.0,0.0,0.0,0.0,0.0,0.0,0.0,0.0,0.0,0.0,0.0,0.0,0.0,0.0,0.0,0.0,0.0,
0.0,0.0,0.0,0.0,0.0,0.0,0.0,0.0,0.0,0.0,0.0,0.0,0.0,0.0,0.0,0.0,0.0,0.0,0.0,0.0,0.0,0.0,0.0,0.0,0.0,0.0,0.0,0.0,0.0,0.0,0.0,0.0,0.0,0.0,0.0,0.0,0.0,0.0,0.0,0.0,0.0,0.0,0.0,0.0,0.0,0.0,0.0,0.0,0.0,0.0,0.0,0.0,0.0,0.0,0.0,0.0,0.0,0.0,0.0,0.0,0.0,0.0,0.0,0.0,0.0,0.0,0.0,0.0,0.0,0.0,0.0,0.0,0.0,0.0,0.0,0.0,0.0,0.0,0.0,0.0,0.0,0.0,0.0,0.0,0.0,0.0,0.0,0.0,0.0,0.0,0.0,0.0,0.0,0.0,0.0,0.0,0.0,0.0,0.0,0.0,
0.0,0.0,0.0,0.0,0.0,0.0,0.0,0.0,0.0,0.0,0.0,0.0,0.0,0.0,0.0,0.0,0.0,0.0,0.0,0.0,0.0,0.0,0.0,0.0,0.0,0.0,0.0,0.02814128873510348,0.058612336736300764,0.09050588480930412,0.12284530381218443,0.15461254746103598,0.18478030324029857,0.21234734528276156,0.23637563754117127,0.25602734395918714,0.27059964083015137,0.27955515223647914,0.28254597761314604,0.27942965412494736,0.2702759621403404,0.2553641729062451,0.23517106484964062,0.21035070445876308,0.18170751719915376,0.1501645076227987,0.11672860425067297,0.0824550168177102,0.04841224156108,0.01569184078557602,-0.01467289788295835,-0.04176905022778907,-0.04330535217158994,-0.04484627541623845,-0.046391776529204495,-0.047941807249759424,-0.049496314470154595,-0.05105524021820573,-0.05261852164140618,-0.054186090992693614,-0.055757875617994404,-0.05733379794566833,-0.058913775477978686,-0.06049772078471001,-0.06208554149905465,-0.0636771403158905,-0.06527241499256975,-0.06687125835233619,-0.06847355829048893,-0.07007919778340825,-0.07168805490055476,-0.07330000281955376,-0.07491490984447316,-0.07653263942739931,-0.07815305019341297,-0.07977599596906472,-0.08140132581444384,-0.06028092803924554,-0.0356741055212298,-0.008309233723432827,0.021006261736975174,0.051408972114474524,0.0820041714641837,0.11189137594153838,0.14019006554833052,0.1660648329317679,0.5971003499727643,0.5350278808765632,0.4664153211429884,0.3933992455657376,0.31831337133403026,0.24362070018285786,0.17183952077193088,0.10546530254036834,0.046890697464447684,-0.0016740062114802279,-0.03827756909643609,-0.06129921626561685,-0.06951244337110224,-0.06213900899760111,
0.0,0.0,0.0,0.0,0.0,0.0,0.0,0.0,0.0,0.0,0.0,0.0,0.0,0.0,0.0,0.0,0.0,0.0,0.0,0.0,0.0,0.0,0.0,0.0,0.0,0.0,0.0,0.0,0.0,0.0,0.0,0.0,0.0,0.0,0.0,0.0,0.0,0.0,0.0,0.0,0.0,0.0,0.0,0.0,0.0,0.0,0.0,0.0,0.0,0.0,0.0,0.0,0.0,0.0,0.0,0.0,0.0,0.0,0.0,0.0,0.0,0.0,0.0,0.0,0.0,0.0,0.0,0.0,0.0,0.0,0.0,0.0,0.0,0.0,0.0,0.0,0.0,0.0,0.0,0.0,0.0,0.0,0.0,0.0,0.0,0.0,0.0,0.0,0.0,0.0,0.0,0.0,0.0,0.0,0.0,0.0,0.0,0.0,0.0,0.0,
0.0,0.0,0.0,0.0,0.0,0.0,0.0,0.0,0.0,0.0,0.0,0.0,0.0,0.0,0.0,0.0,0.0,0.0,0.0,0.0,0.0,0.0,0.0,0.0,0.0,0.0,0.0,0.0,0.0,0.0,0.0,0.0,0.0,0.0,0.0,0.0,0.0,0.0,0.0,0.0,0.0,0.0,0.0,0.0,0.0,0.0,0.0,0.0,0.0,0.0,0.0,0.0,-9.220412206100426E-4,0.004575190626864706,0.016320241769526372,0.033970222975693326,0.057020150580361445,0.08481666129198326,0.1165757425058209,0.15140401283411142,0.18832299243768896,0.22629572205193213,0.2642550255192482,0.3011326649219558,0.3358886113304343,0.3675396485088149,0.3951865418886856,0.4180390404232468,0.4354380337271524,0.4468742598315012,0.4520030480966448,0.45065468504806333,0.4428401054738343,0.42875173407633804,0.4087594311015008,0.3834016253204363,0.35329648801524566,0.3893516570004406,0.4208004393819472,0.44659483644506404,0.4658503921110453,0.47787784022355406,0.4822092166610048,0.47861746778251224,0.46712876515968227,0.4480269449465291,0.42184972315744507,0.3893765891977776,0.3516085420944842,0.3097400992902629,0.2651242684966225,0.2192314206941818,0.17360322874451423,0.12980303338047644,0.08936415927978344,0.053737822011764275,0.0242423364219371,0.0020153542631617394,-0.012029179203637053,-0.017237754557881624,
0.0,0.0,0.0,0.0,0.0,0.0,0.0,0.0,0.0,0.0,0.0,0.0,0.0,0.0,0.0,0.0,0.0,0.0,0.0,0.0,0.0,0.0,0.0,0.0,0.0,0.0,0.0,0.0,0.0,0.0,0.0,0.0,0.0,0.0,0.0,0.0,0.0,0.0,0.0,0.0,0.0,0.0,0.0,0.0,0.0,0.0,0.0,0.0,0.0,0.0,0.0,0.0,0.0,0.0,0.0,0.0,0.0,0.0,0.0,0.0,0.0,0.0,0.0,0.0,0.0,0.0,0.0,0.0,0.0,0.0,0.0,0.0,0.0,0.0,0.0,0.0,0.0,0.0,0.0,0.0,0.0,0.0,0.0,0.0,0.0,0.0,0.0,0.0,0.0,0.0,0.0,0.0,0.0,0.0,0.0,0.0,0.0,0.0,0.0,0.0,
0.0,0.0,0.0,0.0,0.0,0.0,0.0,0.0,0.0,0.0,0.0,0.0,0.0,0.0,0.0,0.0,0.0,0.0,0.0,0.0,0.0,0.0,0.0,0.0,0.0,0.0,0.0,0.0,0.0,0.0,0.0,0.0,0.0,0.0,0.0,0.0,0.0,0.0,0.0,0.0,0.0,0.0,0.0,0.0,0.0,0.0,0.0,0.0,0.0,0.0,0.0,0.0,0.0,0.0,0.0,0.0,0.0,0.0,0.0,0.0,0.0,0.0,0.0,0.0,0.0,0.0,0.0,0.0,0.0,0.0,0.0,0.0,0.0,0.0,0.0,0.0,0.0,0.0,0.0,0.0,0.0,0.0,0.0,0.0,0.0,0.0,0.0,0.0,0.0,0.0,0.0,0.0,0.0,0.0,0.0,0.0,0.0,0.0,0.0,0.0,
0.0,0.0,0.0,0.0,0.0,0.0,0.0,0.0,0.0,0.0,0.0,0.0,0.0,0.0,0.0,0.0,0.0,0.0,0.0,0.0,0.0,0.0,0.0,0.0,0.0,0.0,0.0,0.0,0.0,0.0,0.0,0.0,0.0,0.0,0.0,0.0,0.0,0.0,0.0,0.0,0.0,0.0,0.0,0.0,0.0,0.0,0.0,0.0,0.0,0.0,0.0,0.0,0.0,0.0,0.0,0.0,0.0,0.0,0.0,0.0,0.0,0.0,0.0,0.0,0.0,0.0,0.0,0.0,0.0,0.0,0.0,0.0,0.0,0.0,0.0,0.0,0.0,0.0,0.0,0.0,0.0,0.0,0.0,0.0,0.0,0.0,0.0,0.0,0.0,0.0,0.0,0.0,0.0,0.0,0.0,0.0,0.0,0.0,0.0,0.0,
0.0,0.0,0.0,0.0,0.0,0.0,0.0,0.0,0.0,0.0,0.0,0.0,0.0,0.0,0.0,0.0,0.0,0.0,0.0,0.0,0.0,0.0,0.0,0.0,0.0,0.0,0.0,0.0,0.0,0.0,0.0,0.0,0.0,0.0,0.0,0.0,0.0,0.0,0.0,0.0,0.0,0.0,0.0,0.0,0.0,0.0,0.0,0.0,0.0,0.0,0.0,0.0,0.0,0.0,0.0,0.0,0.0,0.0,0.0,0.0,0.0,0.0,0.0,0.0,0.0,0.0,0.0,0.0,0.0,0.0,0.0,0.0,0.0,0.0,0.0,0.0,0.0,0.0,0.0,0.0,0.0,0.0,0.0,0.0,0.0,0.0,0.0,0.0,0.0,0.0,0.0,0.0,0.0,0.0,0.0,0.0,0.0,0.0,0.0,0.0,
0.0,0.0,0.0,0.0,0.0,0.0,0.0,0.0,0.0,0.0,0.0,0.0,0.0,0.0,0.0,0.0,0.0,0.0,0.0,0.0,0.0,0.0,0.0,0.0,0.0,0.0,0.0,0.0,0.0,0.0,0.0,0.0,0.0,0.0,0.0,0.0,0.0,0.0,0.0,0.0,0.0,0.0,0.0,0.0,0.0,0.0,0.0,0.0,0.0,0.0,0.0,0.0,0.0,0.0,0.0,0.0,0.0,0.0,0.0,0.0,0.0,0.0,0.0,0.0,0.0,0.0,0.0,0.0,0.0,0.0,0.0,0.0,0.0,0.0,0.0,0.0,0.0,0.0,0.0,0.0,0.0,0.0,0.0,0.0,0.0,0.0,0.0,0.0,0.0,0.0,0.0,0.0,0.0,0.0,0.0,0.0,0.0,0.0,0.0,0.0,
0.0,0.0,0.0,0.0,0.0,0.0,0.0,0.0,0.0,0.0,0.0,0.0,0.0,0.0,0.0,0.0,0.0,0.0,0.0,0.0,0.0,0.0,0.0,0.0,0.0,0.0,0.0,0.0,0.0,0.0,0.0,0.0,0.0,0.0,0.0,0.0,0.0,0.0,0.0,0.0,0.0,0.0,0.0,0.0,0.0,0.0,0.0,0.0,0.0,0.0,0.0,0.0,0.0,0.0,0.0,0.0,0.0,0.0,0.0,0.0,0.0,0.0,0.0,0.0,0.0,0.0,0.0,0.0,0.0,0.0,0.0,0.0,0.0,0.0,0.0,0.0,0.0,0.0,0.0,0.0,0.0,0.0,0.0,0.0,0.0,0.0,0.0,0.0,0.0,0.0,0.0,0.0,0.0,0.0,0.0,0.0,0.0,0.0,0.0,0.0,
0.0,0.0,0.0,0.0,0.0,0.0,0.0,0.0,0.0,0.0,0.0,0.0,0.0,0.0,0.0,0.0,0.0,0.0,0.0,0.0,0.0,0.0,0.0,0.0,0.0,0.0,0.0,0.0,0.0,0.0,0.0,0.0,0.0,0.0,0.0,0.0,0.0,0.0,0.0,0.0,0.0,0.0,0.0,0.0,0.0,0.0,0.0,0.0,0.0,0.0,0.0,0.0,0.0,0.0,0.0,0.0,0.0,0.0,0.0,0.0,0.0,0.0,0.0,0.0,0.0,0.0,0.0,0.0,0.0,0.0,0.0,0.0,0.0,0.0,0.0,0.0,0.0,0.0,0.0,0.0,0.0,0.0,0.0,0.0,0.0,0.0,0.0,0.0,0.0,0.0,0.0,0.0,0.0,0.0,0.0,0.0,0.0,0.0,0.0,0.0,
0.0,0.0,0.0,0.0,0.0,0.0,0.0,0.0,0.0,0.0,0.0,0.0,0.0,0.0,0.0,0.0,0.0,0.0,0.0,0.0,0.0,0.0,0.0,0.0,0.0,0.0,0.0,0.0,0.0,0.0,0.0,0.0,0.0,0.0,0.0,0.0,0.0,0.0,0.0,0.0,0.0,0.0,0.0,0.0,0.0,0.0,0.0,0.0,0.0,0.0,0.0,0.0,0.0,0.0,0.0,0.0,0.0,0.0,0.0,0.0,0.0,0.0,0.0,0.0,0.0,0.0,0.0,0.0,0.0,0.0,0.0,0.0,0.0,0.0,0.0,0.0,0.0,0.0,0.0,0.0,0.0,0.0,0.0,0.0,0.0,0.0,0.0,0.0,0.0,0.0,0.0,0.0,0.0,0.0,0.0,0.0,0.0,0.0,0.0,0.0,
0.0,0.0,0.0,0.0,0.0,0.0,0.0,0.0,0.0,0.0,0.0,0.0,0.0,0.0,0.0,0.0,0.0,0.0,0.0,0.0,0.0,0.0,0.0,0.0,0.0,0.0,0.0,0.0,0.0,0.0,0.0,0.0,0.0,0.0,0.0,0.0,0.0,0.0,0.0,0.0,0.0,0.0,0.0,0.0,0.0,0.0,0.0,0.0,0.0,0.0,0.0,0.0,-0.058383489897601615,-0.13531650845338572,-0.22904544809760807,-0.3369384363740623,-0.4553996413074487,-0.5797766034291836,-0.704262922349963,-0.821806722670644,-0.9240519841692183,-1.0013707445968336,-1.0430953703118857,-1.038131087869121,-0.9761949168641475,-0.8499072818984844,-0.6577011196995981,-0.4068659917360347,-0.11518349529085499,0.1906564131218243,0.48036861043036483,0.7271611562024782,0.9132450021783581,1.0316175285139777,1.084228134022822,1.080144047340439,1.0312064691781984,1.0729396959090332,1.0824914563406955,1.0630842987418663,1.0187424622772303,0.9538704207738783,0.8729534493210247,0.7803527107690247,0.6802003226796309,0.5764105832089296,0.4724404842661948,0.3712685992981135,0.2754057583557885,0.1869239965015126,0.10749386122400167,0.03842325268179281,-0.019306591277722163,-0.06501052631837556,-0.09827557905249407,-0.11894393291621713,-0.12710235862302738,-0.12307704433861155,-0.10743227818220646,-0.08097097748576843,
0.0,0.0,0.0,0.0,0.0,0.0,0.0,0.0,0.0,0.0,0.0,0.0,0.0,0.0,0.0,0.0,0.0,0.0,0.0,0.0,0.0,0.0,0.0,0.0,0.0,0.0,0.0,0.0,0.0,0.0,0.0,0.0,0.0,0.0,0.0,0.0,0.0,0.0,0.0,0.0,0.0,0.0,0.0,0.0,0.0,0.0,0.0,0.0,0.0,0.0,0.0,0.0,0.0,0.0,0.0,0.0,0.0,0.0,0.0,0.0,0.0,0.0,0.0,0.0,0.0,0.0,0.0,0.0,0.0,0.0,0.0,0.0,0.0,0.0,0.0,0.0,0.0,0.0,0.0,0.0,0.0,0.0,0.0,0.0,0.0,0.0,0.0,0.0,0.0,0.0,0.0,0.0,0.0,0.0,0.0,0.0,0.0,0.0,0.0,0.0,
0.0,0.0,0.0,0.0,0.0,0.0,0.0,0.0,0.0,0.0,0.0,0.0,0.0,0.0,0.0,0.0,0.0,0.0,0.0,0.0,0.0,0.0,0.0,0.0,0.0,0.0,0.0,0.0,0.0,0.0,0.0,0.0,0.0,0.0,0.0,0.0,0.0,0.0,0.0,0.0,0.0,0.0,0.0,0.0,0.0,0.0,0.0,0.0,0.0,0.0,0.0,0.0,0.0,0.0,0.0,0.0,0.0,0.0,0.0,0.0,0.0,0.0,0.0,0.0,0.0,0.0,0.0,0.0,0.0,0.0,0.0,0.0,0.0,0.0,0.0,0.0,0.0,-0.12808925090055012,-0.28681429261056224,-0.4774407742004785,-0.6982787033737448,-0.9418865038868491,-1.1905285510760077,-1.4109526687702463,-1.5544564167890127,-1.5739599211497761,-1.4569446298827775,-1.2389850992014835,-0.978365973733313,-0.7231597368457007,-0.4997553136837123,-0.31755204709045076,-0.17655667483527415,-0.07258842083386319,0.0,0.04707508219097045,0.0741900634429341,0.08636350648413821,0.08798373069954085,0.08276329911660618,
0.0,0.0,0.0,0.0,0.0,0.0,0.0,0.0,0.0,0.0,0.0,0.0,0.0,0.0,0.0,0.0,0.0,0.0,0.0,0.0,0.0,0.0,0.0,0.0,0.0,0.0,0.0,0.0,0.0,0.0,0.0,0.0,0.0,0.0,0.0,0.0,0.0,0.0,0.0,0.0,0.0,0.0,0.0,0.0,0.0,0.0,0.0,0.0,0.0,0.0,0.0,0.0,-0.02640314388233829,-0.05694355457195065,-0.09061809065799425,-0.12629296218887717,-0.16274122175400058,-0.19868438842646852,-0.23283679452593703,-0.26395111049143094,-0.290863422202572,-0.3125362124965473,-0.3280976369498405,-0.3368755835149606,-0.33842516425196306,-0.3325485007426343,-0.31930592612827297,-0.2990180273035967,-0.27225828007286307,-0.23983637604990013,-0.20277268979670068,-0.16226467469063727,-0.11964629287455086,-0.07634186555140833,-0.033815963137628635,0.0064788696768059845,0.04315464907299095,0.08461236092423174,0.12880010527214913,0.17431805105978246,0.2197177090611131,0.2635504246246443,0.3044155349002564,0.341006648848619,0.37215459508310555,0.39686571145920735,0.4143543162789477,0.424068398138445,0.42570778327026393,0.4192342787013645,0.4048735393712416,0.3831086601654672,0.35466574236569864,0.32049192134662596,0.2817265619833582,0.23966652431656543,0.1957265694681548,0.1513961103963713,0.1081936105835825,0.067619993953385,
0.0,0.0,0.0,0.0,0.0,0.0,0.0,0.0,0.0,0.0,0.0,0.0,0.0,0.0,0.0,0.0,0.0,0.0,0.0,0.0,0.0,0.0,0.0,0.0,0.0,0.0,0.0,0.0,0.0,0.0,0.0,0.0,0.0,0.0,0.0,0.0,0.0,0.0,0.0,0.0,0.0,0.0,0.0,0.0,0.0,0.0,0.0,0.0,0.0,0.0,0.0,0.0,0.0,0.0,0.0,0.0,0.0,0.0,0.0,0.0,0.0,0.0,0.0,0.0,0.0,0.0,0.0,0.0,0.0,0.0,0.0,0.0,0.0,0.0,0.0,0.0,0.0,0.0,0.0,0.0,0.0,0.0,0.0,0.0,0.0,0.0,0.0,0.0,0.0,0.0,0.0,0.0,0.0,0.0,0.0,0.0,0.0,0.0,0.0,0.0,
0.0,0.0,0.0,0.0,0.0,0.0,0.0,0.0,0.0,0.0,0.0,0.0,0.0,0.0,0.0,0.0,0.0,0.0,0.0,0.0,0.0,0.0,0.0,0.0,0.0,0.0,0.0,0.0,0.0,0.0,0.0,0.0,0.0,0.0,0.0,0.0,0.0,0.0,0.0,0.0,0.0,0.0,0.0,0.0,0.0,0.0,0.0,0.0,0.0,0.0,0.0,0.0,0.0,0.0,0.0,0.0,0.0,0.0,0.0,0.0,0.0,0.0,0.0,0.0,0.0,0.0,0.0,0.0,0.0,0.0,0.0,0.0,0.0,0.0,0.0,0.0,0.0,0.0,0.0,0.0,0.0,0.0,0.0,0.0,0.0,0.0,0.0,0.0,0.0,0.0,0.0,0.0,0.0,0.0,0.0,0.0,0.0,0.0,0.0,0.0,
0.0,0.0,0.0,0.0,0.0,0.0,0.0,0.0,0.0,0.0,0.0,0.0,0.0,0.0,0.0,0.0,0.0,0.0,0.0,0.0,0.0,0.0,0.0,0.0,0.0,0.0,0.0,0.0,0.0,0.0,0.0,0.0,0.0,0.0,0.0,0.0,0.0,0.0,0.0,0.0,0.0,0.0,0.0,0.0,0.0,0.0,0.0,0.0,0.0,0.0,0.0,0.0,0.0,0.0,0.0,0.0,0.0,0.0,0.0,0.0,0.0,0.0,0.0,0.0,0.0,0.0,0.0,0.0,0.0,0.0,0.0,0.0,0.0,0.0,0.0,0.0,0.0,0.0,0.0,0.0,0.0,0.0,0.0,0.0,0.0,0.0,0.0,0.0,0.0,0.0,0.0,0.0,0.0,0.0,0.0,0.0,0.0,0.0,0.0,0.0,
0.0,0.0,0.0,0.0,0.0,0.0,0.0,0.0,0.0,0.0,0.0,0.0,0.0,0.0,0.0,0.0,0.0,0.0,0.0,0.0,0.0,0.0,0.0,0.0,0.0,0.0,0.0,0.0,0.0,0.0,0.0,0.0,0.0,0.0,0.0,0.0,0.0,0.0,0.0,0.0,0.0,0.0,0.0,0.0,0.0,0.0,0.0,0.0,0.0,0.0,0.0,0.0,0.0,0.0,0.0,0.0,0.0,0.0,0.0,0.0,0.0,0.0,0.0,0.0,0.0,0.0,0.0,0.0,0.0,0.0,0.0,0.0,0.0,0.0,0.0,0.0,0.0,0.0,0.0,0.0,0.0,0.0,0.0,0.0,0.0,0.0,0.0,0.0,0.0,0.0,0.0,0.0,0.0,0.0,0.0,0.0,0.0,0.0,0.0,0.0,
0.0,0.0,0.0,0.0,0.0,0.0,0.0,0.0,0.0,0.0,0.0,0.0,0.0,0.0,0.0,0.0,0.0,0.0,0.0,0.0,0.0,0.0,0.0,0.0,0.0,0.0,0.0,0.06930921624751273,0.13651250703150047,0.19956793436799775,0.2565595910049709,0.30575581429467524,0.3456618018869433,0.375065030542188,0.3930720980364714,0.39913586873599555,0.3930720980364714,0.375065030542188,0.3456618018869433,0.30575581429467535,0.256559591004971,0.19956793436799783,0.13651250703150056,0.06930921624751282,5.551115123125783E-17,-0.06930921624751268,-0.13651250703150047,-0.19956793436799775,-0.25655959100497094,-0.3057558142946752,-0.3456618018869433,-0.3750650305421879,-0.37518552230612706,-0.3754253342798691,-0.37578333844033074,-0.3762584474798258,-0.3768496112729527,-0.37755581265376725,-0.3783760625222049,-0.3793093942907793,-0.3803548576754256,-0.38151151182790416,-0.3827784178014043,-0.3841546303358525,-0.385639188944908,-0.3872311082827421,-0.3889293677654495,-0.39073290041934294,-0.39264058092651843,-0.3946512128369819,-0.3967635149163839,-0.39897610659911753,-0.401287492518323,-0.40369604608731335,-0.40619999211127483,-0.40879738841395274,-0.411486106471607,-0.4448354579914391,-0.4719484395721549,-0.4918883296703741,-0.5039595490527131,-0.507736929571929,-0.5030835834901677,-0.4901563575275978,-0.4693987176875329,-0.4415217692796862,-0.40748003027450996,-0.36845290272389575,-0.32576818672112867,-0.28084943933812584,-0.23516446620647885,-0.19017740268501146,-0.14730600421688272,-0.10788493085261094,-0.07313508111095696,-0.04413846955135492,-0.021817778880701688,-0.006919551509107391,0.0,-0.0014125852887456603,
0.0,0.0,0.0,0.0,0.0,0.0,0.0,0.0,0.0,0.0,0.0,0.0,0.0,0.0,0.0,0.0,0.0,0.0,0.0,0.0,0.0,0.0,0.0,0.0,0.0,0.0,0.0,0.0,0.0,0.0,0.0,0.0,0.0,0.0,0.0,0.0,0.0,0.0,0.0,0.0,0.0,0.0,0.0,0.0,0.0,0.0,0.0,0.0,0.0,0.0,0.0,0.0,0.0,0.0,0.0,0.0,0.0,0.0,0.0,0.0,0.0,0.0,0.0,0.0,0.0,0.0,0.0,0.0,0.0,0.0,0.0,0.0,0.0,0.0,0.0,0.0,0.0,0.0,0.0,0.0,0.0,0.0,0.0,0.0,0.0,0.0,0.0,0.0,0.0,0.0,0.0,0.0,0.0,0.0,0.0,0.0,0.0,0.0,0.0,0.0,
0.0,0.0,0.0,0.0,0.0,0.0,0.0,0.0,0.0,0.0,0.0,0.0,0.0,0.0,0.0,0.0,0.0,0.0,0.0,0.0,0.0,0.0,0.0,0.0,0.0,0.0,0.0,0.0,0.0,0.0,0.0,0.0,0.0,0.0,0.0,0.0,0.0,0.0,0.0,0.0,0.0,0.0,0.0,0.0,0.0,0.0,0.0,0.0,0.0,0.0,0.0,0.0,0.0,0.0,0.0,0.0,0.0,0.0,0.0,0.0,0.0,0.0,0.0,0.0,0.0,0.0,0.0,0.0,0.0,0.0,0.0,0.0,0.0,0.0,0.0,0.0,0.0,0.0,0.0,0.0,0.0,0.0,0.0,0.0,0.0,0.0,0.0,0.0,0.0,0.0,0.0,0.0,0.0,0.0,0.0,0.0,0.0,0.0,0.0,0.0,
0.0,0.0,0.0,0.0,0.0,0.0,0.0,0.0,0.0,0.0,0.0,0.0,0.0,0.0,0.0,0.0,0.0,0.0,0.0,0.0,0.0,0.0,0.0,0.0,0.0,0.0,0.0,-7.065317258929393E-4,0.004835604458786474,0.016414315904777238,0.03360888624822109,0.055810843108104136,0.08225221653181608,0.1120390396904998,0.1441878096962914,0.1776627359358044,0.21141190457523135,0.24440091035909156,0.27564297618839007,0.30422503168946163,0.32932960511619747,0.35025266890975965,0.36641775675569377,0.37738674239945424,0.38286765148682667,0.382719787244712,-0.5402732909642346,-0.5064849360709444,-0.46532135368071725,-0.41813305429517456,-0.36651189686920305,-0.31223204296709905,-0.3654344672947132,-0.4172739315469596,-0.4663010703282437,-0.5111329856314641,-0.5504926577037312,-0.5832456457737472,-0.6084330274306132,-0.6252996257911636,-0.6333167013695564,-0.6321984372712119,-0.6219117177779886,-0.6026788867964155,-0.5749733687824035,-0.5395082351109539,-0.4972179977616292,-0.44923410399183916,-0.3968547849021437,-0.34151007232947406,-0.284722937689328,-0.22806761920034974,-0.17312628707547623,-0.12144524729856124,-0.0744919019770838,-0.03361366737820126,-5.551115123125783E-17,-0.031885489217077886,-0.06514431585038191,-0.0986970637896238,-0.13144691424622715,-0.16231486445704968,-0.19027466037852203,-0.21438631070731845,-0.2338270845722063,-0.24791896626437027,-0.25615164550929004,-0.25820025799561386,-0.2539372540773694,-0.2434379587353251,-0.22697958722147316,-0.20503369191724452,-0.17825223001273618,-0.1474476516821684,-0.11356760755806843,-0.07766505583696076,-0.04086470712492729,-0.004326873702922257,0.030790115292550338,0.06336771370967773,
0.0,0.0,0.0,0.0,0.0,0.0,0.0,0.0,0.0,0.0,0.0,0.0,0.0,0.0,0.0,0.0,0.0,0.0,0.0,0.0,0.0,0.0,0.0,0.0,0.0,0.0,0.0,0.0,0.0,0.0,0.0,0.0,0.0,0.0,0.0,0.0,0.0,0.0,0.0,0.0,0.0,0.0,0.0,0.0,0.0,0.0,0.0,0.0,0.0,0.0,0.0,0.0,0.0,0.0,0.0,0.0,0.0,0.0,0.0,0.0,0.0,0.0,0.0,0.0,0.0,0.0,0.0,0.0,0.0,0.0,0.0,0.0,0.0,0.0,0.0,0.0,0.0,0.0,0.0,0.0,0.0,0.0,0.0,0.0,0.0,0.0,0.0,0.0,0.0,0.0,0.0,0.0,0.0,0.0,0.0,0.0,0.0,0.0,0.0,0.0,
0.0,0.0,0.0,0.0,0.0,0.0,0.0,0.0,0.0,0.0,0.0,0.0,0.0,0.0,0.0,0.0,0.0,0.0,0.0,0.0,0.0,0.0,0.0,0.0,0.0,0.0,0.0,0.0,0.0,0.0,0.0,0.0,0.0,0.0,0.0,0.0,0.0,0.0,0.0,0.0,0.0,0.0,0.0,0.0,0.0,0.0,0.0,0.0,0.0,0.0,0.0,0.0,0.023637039410034588,0.05134760095631759,0.08234673388516882,0.11573174648017076,0.1505023374144499,0.18558616160851793,0.21986969867819905,0.2522338153530695,0.2815928788230598,0.3069357473485045,0.327366513660046,0.34214258487091825,0.35070761700324815,0.3527170220833441,0.348054230221336,0.33683657254221366,0.3194104683510919,0.2963364422167401,0.2683652511085879,0.23640697392388785,0.20149524615940048,0.16474889428356854,0.12733306147356727,0.09042157358342601,0.05518854371297853,0.0868466263945501,0.12022883667188113,0.15437097667689909,0.18828233215996132,0.22097408010524391,0.2514877852560828,0.2789231614911875,0.30246429082848303,0.3214035332172067,0.33516242317182776,0.3433089330018302,0.34557058458094503,0.34184300940652523,0.3321936867804939,0.3168607285760939,0.2962467222468559,0.2709077873371579,0.24153814058320358,0.20895059665156296,0.17405355175886278,0.13782510228210085,0.10128503686400316,0.06546550582413119,
0.0,0.0,0.0,0.0,0.0,0.0,0.0,0.0,0.0,0.0,0.0,0.0,0.0,0.0,0.0,0.0,0.0,0.0,0.0,0.0,0.0,0.0,0.0,0.0,0.0,0.0,0.0,0.0,0.0,0.0,0.0,0.0,0.0,0.0,0.0,0.0,0.0,0.0,0.0,0.0,0.0,0.0,0.0,0.0,0.0,0.0,0.0,0.0,0.0,0.0,0.0,0.0,-0.03616669299497366,-0.08438824627834662,-0.14357757079147618,-0.21213885798400456,-0.2879802296978257,-0.36854497926879065,-0.45086284999391013,-0.5316225574324569,-0.6072664533974541,-0.6741078110161665,-0.7284706174591546,-0.7668508998364043,-0.7860973533227384,-0.7836072327660808,-0.7575309439270801,-0.7069753977264237,-0.6321919601185428,-0.5347299832021295,-0.41753210463144524,-0.28494400421368643,-0.14261100186608316,0.0027609148969474084,0.1437892573405581,0.27293295405168294,0.383105271455631,0.5289247598315311,0.6711568308170143,0.8022310059126914,0.9152376578988388,1.004366462909749,1.0652457501375414,1.095164295042911,1.0931698144119597,1.0600494085951087,0.9982055031230522,0.9114461972196097,0.8047115743821052,0.6837580088694983,0.5548214445768457,0.42427861429906877,0.2983226684461199,0.182667007572189,0.08228844538837193,0.0012182506859791387,-0.05761285414740358,-0.09247203764616846,-0.10286265141084372,-0.08950431811436793,
0.0,0.0,0.0,0.0,0.0,0.0,0.0,0.0,0.0,0.0,0.0,0.0,0.0,0.0,0.0,0.0,0.0,0.0,0.0,0.0,0.0,0.0,0.0,0.0,0.0,0.0,0.0,0.0,0.0,0.0,0.0,0.0,0.0,0.0,0.0,0.0,0.0,0.0,0.0,0.0,0.0,0.0,0.0,0.0,0.0,0.0,0.0,0.0,0.0,0.0,0.0,0.0,0.0,0.0,0.0,0.0,0.0,0.0,0.0,0.0,0.0,0.0,0.0,0.0,0.0,0.0,0.0,0.0,0.0,0.0,0.0,0.0,0.0,0.0,0.0,0.0,0.0,-0.03244554111232065,-0.06764280473030673,-0.10452233980960048,-0.14196358033876277,-0.17882889317049688,-0.213998144429159,-0.24640273421175446,-0.27505806545525274,-0.2990934604201175,-0.31777861579283784,-0.3305457925825586,-0.3370070665830273,-0.3369661152533021,-0.33042418287881437,-0.3175800427643853,-0.2988239576079434,-0.27472582156593006,-0.24601784430773666,-0.21357230319541598,-0.17837503957742995,-0.1414955044981362,-0.1040542639689739,-0.06718895113723979,
0.0,0.0,0.0,0.0,0.0,0.0,0.0,0.0,0.0,0.0,0.0,0.0,0.0,0.0,0.0,0.0,0.0,0.0,0.0,0.0,0.0,0.0,0.0,0.0,0.0,0.0,0.0,0.0,0.0,0.0,0.0,0.0,0.0,0.0,0.0,0.0,0.0,0.0,0.0,0.0,0.0,0.0,0.0,0.0,0.0,0.0,0.0,0.0,0.0,0.0,0.0,0.0,-0.040161928711515305,-0.08310423068632017,-0.1273402992012026,-0.17132925144462516,-0.2135283618496258,-0.2524458519323815,-0.28669220800089973,-0.31502824120953254,-0.3364082106118238,-0.3500164955271659,-0.3552965229628198,-0.3519709213609354,-0.3400521742478908,-0.31984337580426336,-0.291929033363334,-0.25715620728013217,-0.21660661430510664,-0.1715606347161865,-0.12345444496033622,-0.07383173655521276,-0.02429167015222284,0.02356515556940139,0.06819087161192083,0.10814278967800256,0.14213234267424923,0.10223229983371847,0.06522133381438733,0.032190115455964896,0.004136961060307975,-0.0180604719780873,-0.03367082192227819,-0.042131256232527586,-0.043065641130587,-0.036298080004353805,-0.02186136369439093,-2.7755575615628914E-17,0.028832374871064437,0.06398125702291696,0.1046051145047858,0.14969456475212367,0.19809650420660482,0.24854266705971584,0.29968196338381836,0.35011583440526844,0.39843576744879255,0.4432620378545612,0.48328269217823877,0.5172917579290831,
0.0,0.0,0.0,0.0,0.0,0.0,0.0,0.0,0.0,0.0,0.0,0.0,0.0,0.0,0.0,0.0,0.0,0.0,0.0,0.0,0.0,0.0,0.0,0.0,0.0,0.0,0.0,0.0,0.0,0.0,0.0,0.0,0.0,0.0,0.0,0.0,0.0,0.0,0.0,0.0,0.0,0.0,0.0,0.0,0.0,0.0,0.0,0.0,0.0,0.0,0.0,0.0,0.0,0.0,0.0,0.0,0.0,0.0,0.0,0.0,0.0,0.0,0.0,0.0,0.0,0.0,0.0,0.0,0.0,0.0,0.0,0.0,0.0,0.0,0.0,0.0,0.0,0.0,0.0,0.0,0.0,0.0,0.0,0.0,0.0,0.0,0.0,0.0,0.0,0.0,0.0,0.0,0.0,0.0,0.0,0.0,0.0,0.0,0.0,0.0,
0.0,0.0,0.0,0.0,0.0,0.0,0.0,0.0,0.0,0.0,0.0,0.0,0.0,0.0,0.0,0.0,0.0,0.0,0.0,0.0,0.0,0.0,0.0,0.0,0.0,0.0,0.0,0.0,0.0,0.0,0.0,0.0,0.0,0.0,0.0,0.0,0.0,0.0,0.0,0.0,0.0,0.0,0.0,0.0,0.0,0.0,0.0,0.0,0.0,0.0,0.0,0.0,0.0,0.0,0.0,0.0,0.0,0.0,0.0,0.0,0.0,0.0,0.0,0.0,0.0,0.0,0.0,0.0,0.0,0.0,0.0,0.0,0.0,0.0,0.0,0.0,0.0,0.0,0.0,0.0,0.0,0.0,0.0,0.0,0.0,0.0,0.0,0.0,0.0,0.0,0.0,0.0,0.0,0.0,0.0,0.0,0.0,0.0,0.0,0.0,
0.0,0.0,0.0,0.0,0.0,0.0,0.0,0.0,0.0,0.0,0.0,0.0,0.0,0.0,0.0,0.0,0.0,0.0,0.0,0.0,0.0,0.0,0.0,0.0,0.0,0.0,0.0,0.0,0.0,0.0,0.0,0.0,0.0,0.0,0.0,0.0,0.0,0.0,0.0,0.0,0.0,0.0,0.0,0.0,0.0,0.0,0.0,0.0,0.0,0.0,0.0,0.0,0.0,0.0,0.0,0.0,0.0,0.0,0.0,0.0,0.0,0.0,0.0,0.0,0.0,0.0,0.0,0.0,0.0,0.0,0.0,0.0,0.0,0.0,0.0,0.0,0.0,-0.03166613756320397,-0.07812472407566545,-0.13894312555302274,-0.2130787844173374,-0.29882314318784914,-0.39375262257251864,-0.49468941724792864,-0.5976766934410661,-0.6979758730913806,-0.7900986524738214,-0.8678938246218246,-0.924719096690378,-0.9537399310066899,-0.9484071011894379,-0.9031628458514513,-0.8143954431479359,-0.6815819592587353,-0.5084168439942212,-0.3035497110015303,-0.08045313108701901,0.14393328636664993,0.351705153994894,0.5269948865971694,
0.0,0.0,0.0,0.0,0.0,0.0,0.0,0.0,0.0,0.0,0.0,0.0,0.0,0.0,0.0,0.0,0.0,0.0,0.0,0.0,0.0,0.0,0.0,0.0,0.0,0.0,0.0,0.0,0.0,0.0,0.0,0.0,0.0,0.0,0.0,0.0,0.0,0.0,0.0,0.0,0.0,0.0,0.0,0.0,0.0,0.0,0.0,0.0,0.0,0.0,0.0,0.0,0.0,0.0,0.0,0.0,0.0,0.0,0.0,0.0,0.0,0.0,0.0,0.0,0.0,0.0,0.0,0.0,0.0,0.0,0.0,0.0,0.0,0.0,0.0,0.0,0.0,0.0,0.0,0.0,0.0,0.0,0.0,0.0,0.0,0.0,0.0,0.0,0.0,0.0,0.0,0.0,0.0,0.0,0.0,0.0,0.0,0.0,0.0,0.0,
0.0,0.0,0.0,0.0,0.0,0.0,0.0,0.0,0.0,0.0,0.0,0.0,0.0,0.0,0.0,0.0,0.0,0.0,0.0,0.0,0.0,0.0,0.0,0.0,0.0,0.0,0.0,0.0,0.0,0.0,0.0,0.0,0.0,0.0,0.0,0.0,0.0,0.0,0.0,0.0,0.0,0.0,0.0,0.0,0.0,0.0,0.0,0.0,0.0,0.0,0.0,0.0,0.0,0.0,0.0,0.0,0.0,0.0,0.0,0.0,0.0,0.0,0.0,0.0,0.0,0.0,0.0,0.0,0.0,0.0,0.0,0.0,0.0,0.0,0.0,0.0,0.0,0.0,0.0,0.0,0.0,0.0,0.0,0.0,0.0,0.0,0.0,0.0,0.0,0.0,0.0,0.0,0.0,0.0,0.0,0.0,0.0,0.0,0.0,0.0,
0.0,0.0,0.0,0.0,0.0,0.0,0.0,0.0,0.0,0.0,0.0,0.0,0.0,0.0,0.0,0.0,0.0,0.0,0.0,0.0,0.0,0.0,0.0,0.0,0.0,0.0,0.0,0.0,0.0,0.0,0.0,0.0,0.0,0.0,0.0,0.0,0.0,0.0,0.0,0.0,0.0,0.0,0.0,0.0,0.0,0.0,0.0,0.0,0.0,0.0,0.0,0.0,-0.03878228541755167,-0.08208345070929243,-0.1282758401053708,-0.17557780423357952,-0.22211973035223254,-0.2660155241377372,-0.30543675220580735,-0.33868643604518256,-0.36426939549898346,-0.38095608403588677,-0.3878370432330823,-0.3843654276231699,-0.3703855035594712,-0.3461455900957548,-0.31229456251351334,-0.2698617508931974,-0.22022080361080332,-0.16503881293751016,-0.10621268057856312,-0.04579530010282405,0.014085380518107996,0.07131100543724161,0.12385756550064714,0.16987663753979257,0.2077696323046323,0.2670645225988575,0.32609995453300794,0.38284372628361896,0.4353522761013945,0.481837897153504,0.5207296772805119,0.5507263467407222,0.5708395128303252,0.580426087520369,0.5792090635646525,0.5672861564741851,0.5451261949846179,0.5135535020680967,0.47372085346304504,0.4270719229671731,0.3752944159106638,0.3202653476845897,0.2639901372931426,0.20853735204809884,0.1559710553120223,0.10828277243156231,0.06732509975887585,0.0347489382910488,
0.0,0.0,0.0,0.0,0.0,0.0,0.0,0.0,0.0,0.0,0.0,0.0,0.0,0.0,0.0,0.0,0.0,0.0,0.0,0.0,0.0,0.0,0.0,0.0,0.0,0.0,0.0,0.0,0.0,0.0,0.0,0.0,0.0,0.0,0.0,0.0,0.0,0.0,0.0,0.0,0.0,0.0,0.0,0.0,0.0,0.0,0.0,0.0,0.0,0.0,0.0,0.0,0.0,0.0,0.0,0.0,0.0,0.0,0.0,0.0,0.0,0.0,0.0,0.0,0.0,0.0,0.0,0.0,0.0,0.0,0.0,0.0,0.0,0.0,0.0,0.0,0.0,-0.04595807328039078,-0.10176840714280572,-0.1655462178753786,-0.23492988095318265,-0.3071373998037076,-0.37904620144206935,-0.44729628268636806,-0.5084158092168642,-0.55896712263496,-0.5957097046254682,-0.6157749630396996,-0.6168457539883518,-0.5973314035373726,-0.556526792968615,-0.49474208669556674,-0.41338830828874285,-0.31500372996628073,-0.20320752963955882,-0.08257093907504173,0.04159751767437615,0.16354723970917903,0.2774451992482714,0.3777732345546558,
0.0,0.0,0.0,0.0,0.0,0.0,0.0,0.0,0.0,0.0,0.0,0.0,0.0,0.0,0.0,0.0,0.0,0.0,0.0,0.0,0.0,0.0,0.0,0.0,0.0,0.0,0.0,0.0,0.0,0.0,0.0,0.0,0.0,0.0,0.0,0.0,0.0,0.0,0.0,0.0,0.0,0.0,0.0,0.0,0.0,0.0,0.0,0.0,0.0,0.0,0.0,0.0,0.0,0.0,0.0,0.0,0.0,0.0,0.0,0.0,0.0,0.0,0.0,0.0,0.0,0.0,0.0,0.0,0.0,0.0,0.0,0.0,0.0,0.0,0.0,0.0,0.0,0.0,0.0,0.0,0.0,0.0,0.0,0.0,0.0,0.0,0.0,0.0,0.0,0.0,0.0,0.0,0.0,0.0,0.0,0.0,0.0,0.0,0.0,0.0,
0.0,0.0,0.0,0.0,0.0,0.0,0.0,0.0,0.0,0.0,0.0,0.0,0.0,0.0,0.0,0.0,0.0,0.0,0.0,0.0,0.0,0.0,0.0,0.0,0.0,0.0,0.0,0.0,0.0,0.0,0.0,0.0,0.0,0.0,0.0,0.0,0.0,0.0,0.0,0.0,0.0,0.0,0.0,0.0,0.0,0.0,0.0,0.0,0.0,0.0,0.0,0.0,-0.02855467549412863,-0.0619956357999458,-0.09927587938610186,-0.13921440445426325,-0.18052617449231909,-0.22185901020808277,-0.26183685377171484,-0.2991080824039334,-0.3323967621688332,-0.36055404781767697,-0.3826064769510791,-0.39779778492577467,-0.40562114383349623,-0.40583940137411423,-0.39849188740963065,-0.38388752950134575,-0.36258520153965634,-0.335363251495051,-0.30318088225174833,-0.26713442135769977,-0.2284115076913698,-0.18824590133277364,-0.14787508227235746,-0.10850215355794604,-0.0712629074050206,-0.0420643287524652,-0.009326763584840955,0.02591620524138391,0.06257562748788856,0.09953942047928376,0.13570445241931875,0.1700076190610174,0.20145510573528336,0.22914909309032616,0.2523112486012209,0.2703024446015177,0.2826382545490332,0.28899989947417015,0.28924044288394385,0.28338616150762225,0.2716331478413522,0.25433932520685265,0.23201217385040082,0.20529257455867234,0.17493527173433815,0.14178653858900053,0.10675969121656875,0.0708091444026342,
